30522
21247
5942
31799
14217
22630
8579
4598
7791
25891
14869
5796
3715
15757
32013
25716
30867
17874
17666
10157
20509
6772
1918
7979
20439
30919
382
11484
3625
30581
13302
13891
25006
3835
12362
21753
5558
29225
13526
22311
28359
13989
6503
4110
32535
19816
3007
30847
19219
19264
27738
10021
9155
25930
5774
27065
5445
4030
19985
26720
14213
18896
1961
6419
9033
23021
12670
20751
16251
17539
8347
9814
30378
13702
3698
24877
31880
31214
9815
32158
9068
2357
8962
15606
16847
7900
31760
18246
10193
25573
9088
23780
9396
10327
21304
6120
7261
11455
27264
15793
