15793
30522
27264
21247
11455
5942
7261
31799
6120
14217
21304
22630
10327
8579
9396
4598
23780
7791
9088
25891
25573
14869
10193
5796
18246
3715
31760
15757
7900
32013
16847
25716
15606
30867
8962
17874
2357
17666
9068
10157
32158
20509
9815
6772
31214
1918
31880
7979
24877
20439
3698
30919
13702
382
30378
11484
9814
3625
8347
30581
17539
13302
16251
13891
20751
25006
12670
3835
23021
12362
9033
21753
6419
5558
1961
29225
18896
13526
14213
22311
26720
28359
19985
13989
4030
6503
5445
4110
27065
32535
5774
19816
25930
3007
9155
30847
10021
19219
27738
19264
