19264
27738
19219
10021
30847
9155
3007
25930
19816
5774
32535
27065
4110
5445
6503
4030
13989
19985
28359
26720
22311
14213
13526
18896
29225
1961
5558
6419
21753
9033
12362
23021
3835
12670
25006
20751
13891
16251
13302
17539
30581
8347
3625
9814
11484
30378
382
13702
30919
3698
20439
24877
7979
31880
1918
31214
6772
9815
20509
32158
10157
9068
17666
2357
17874
8962
30867
15606
25716
16847
32013
7900
15757
31760
3715
18246
5796
10193
14869
25573
25891
9088
7791
23780
4598
9396
8579
10327
22630
21304
14217
6120
31799
7261
5942
11455
21247
27264
30522
15793
