16134
24223
9225
16798
20499
7434
847
1654
17101
17745
15453
11231
11804
2313
6023
428
26644
21830
16286
28988
14119
3844
7361
15614
9113
28357
20855
22835
32053
16251
3579
16886
26943
1191
11735
29306
3241
19395
21428
24980
9865
11486
30577
10105
11979
16006
6770
12488
19747
234
5691
8907
15430
1088
14653
21754
27994
20069
9711
960
32683
17347
10273
8322
24735
6008
29838
25310
10220
1717
1712
32560
1032
25443
4312
9819
19170
12813
12925
12998
719
24314
26836
9892
30663
20121
28066
24441
12497
19747
30799
8921
22972
8571
5435
26739
29968
18265
1877
1359
