898
5288
1778
23376
18231
18548
13846
6292
12445
9451
25073
12154
447
16447
29445
9552
11851
29880
31367
9795
21059
19611
32438
28777
246
25937
24940
28677
47
3525
5363
28934
17324
9230
4889
2512
15569
30286
19079
9023
21150
10970
30286
16873
5599
29595
5059
29860
1442
4276
27277
3145
30702
26212
23292
183
31410
10798
26269
10010
16636
27448
9995
7533
28779
31218
9991
3901
25319
29431
20939
14256
12431
28984
27804
17607
5619
11095
20127
32736
2692
81
19181
24447
6985
14176
233
26189
24019
30496
1746
29537
3954
14320
8852
26559
13481
13723
1252
17694
19680
9272
14987
10735
28249
11342
18434
20122
24165
29244
9024
26635
31192
11480
32720
4973
442
3927
8486
12085
8255
2669
10035
17763
14841
10420
2359
27396
24397
2642
13015
14588
29220
17367
30575
16898
21474
9316
20393
10732
12188
10002
5455
16941
13446
5009
12637
20380
21674
4624
28763
23927
23520
13917
28905
16807
29434
17998
24732
13893
25407
16223
31496
11358
11803
24476
32542
15347
19732
13762
3769
21828
11776
31905
11379
5967
16245
17860
19389
28563
8578
14164
10031
26393
20124
24890
20764
16565
20699
28036
12906
19594
22375
12298
27552
5324
16429
22865
19521
18378
27094
20655
21593
811
25081
31152
29781
25719
17295
26809
32535
730
22952
19179
586
13861
23133
1354
30963
20246
19974
20255
3145
9433
30381
19355
22215
7118
19394
26300
23935
2445
24079
31093
13233
6696
14319
30985
31900
6832
3515
13752
16276
19706
21126
27805
16981
10402
1290
12503
23959
11601
18657
28647
32739
10812
8185
5465
21156
7917
22594
4519
13697
6470
425
18522
1002
13507
74
10610
22769
7935
3809
31240
17756
17786
17794
4146
11256
4249
30859
1575
14384
20462
982
10403
8925
15290
22067
9357
14688
12208
20757
14296
23279
764
20619
27047
24620
8580
28530
3508
8444
19054
23530
5874
3222
6114
20486
32113
2010
13329
712
15234
1509
24438
9548
9757
3810
11355
16451
9343
10530
5024
1443
2839
22640
18104
27293
7587
10142
25332
7632
31895
28772
27140
11708
446
21867
9147
29561
20515
8868
19730
5544
6962
2014
14448
14251
26907
24984
17192
10513
21623
1043
17475
10580
4398
15532
22657
5063
14488
32105
12186
1994
8418
26322
16073
24896
17332
9218
31883
5443
30736
19709
2469
18198
894
17220
27492
10586
18022
15527
15144
32645
1981
28763
28452
21393
9187
6732
8287
13297
8908
18612
29182
3529
31071
10221
32198
30558
31259
16516
27101
32460
14592
23438
3024
20727
26285
319
15578
19651
26310
17848
17252
22152
9624
22561
30152
32704
28928
2040
31322
22275
22664
13480
18601
29750
22740
23390
20482
5375
22077
14104
26422
23931
10939
9983
27037
4404
19208
20214
9563
22605
18178
9843
32482
25856
10578
27021
28089
3403
31307
8279
13947
11493
27156
12397
1570
25463
26122
11468
21125
777
7520
22503
9248
17082
14600
3063
11540
2485
19159
32146
20846
26208
14308
3199
1196
1495
8753
5833
8318
16280
5517
530
6345
2432
31672
28458
12529
26614
7113
19424
5720
11878
10445
14104
1058
9201
9137
27422
21564
24674
5218
8762
8604
30052
24114
10629
24522
14323
13182
5626
2975
15889
27789
20432
22860
25786
17852
26632
927
29209
18648
27714
8322
10236
26060
11476
7877
23174
32380
10525
20765
24355
27120
5655
10860
26561
12981
13100
3906
7742
5248
24907
24740
5148
32021
12346
9229
23164
5223
22062
27827
22090
4097
17817
27147
9397
21924
21827
16271
9186
12594
11932
2495
29665
8650
30289
13414
992
565
25373
1566
32670
4225
14050
1302
12579
6379
19960
6419
10927
18435
14532
3765
19696
26634
5005
24572
32119
3487
4236
26122
8557
30619
26690
22571
12418
9785
9231
15378
29735
28026
30463
11110
18173
1735
6375
4733
26765
26072
22449
19559
14649
21718
21236
16430
29298
7100
5576
25436
12076
14083
728
17854
22671
24958
18104
2664
19184
30083
17529
29177
18175
26955
12411
23072
834
27291
19843
22111
29122
23972
13
17935
3588
17193
11236
2981
18234
18911
4079
18739
23227
3865
5198
17970
12977
21156
16038
25214
7441
8688
16568
15010
28369
15985
21817
24918
26453
17221
24285
21062
26666
19991
32182
533
21750
12099
3772
12194
12207
25915
18861
23178
17676
26409
28951
750
32057
726
18610
5750
9423
20938
17908
11925
16899
2485
12000
1039
18974
11277
6943
15289
19245
22777
2897
28800
24057
18798
2725
7853
29753
13463
3751
21608
22279
9339
2394
19322
27025
32218
24967
20567
1041
16215
17748
6747
31487
15325
2840
31060
9860
21563
5230
31809
32307
29713
26505
30041
7412
22000
29383
32591
16704
21181
11912
26581
7572
16470
4416
9055
3359
9080
2507
11817
190
14561
29697
32379
14379
6577
15243
27692
7026
32534
8437
12645
18596
26920
21763
26791
10702
11538
24137
11279
10028
11891
31990
14809
18843
18436
241
16932
24909
10106
17959
16884
1216
8366
19235
3965
31729
15355
5599
31647
27597
999
23257
11437
21992
22022
6762
5746
16497
15132
10323
13174
6758
2690
20889
25469
12292
23755
5268
4945
17282
4518
8002
4545
7678
27910
2017
13802
11448
3969
29628
15029
32382
19958
8261
29601
13671
11379
612
16067
16580
86
28687
22539
29524
32178
2075
29128
18871
13300
19537
13934
29989
15814
8645
6039
32352
10291
11107
3657
5351
21772
13003
12407
24173
23691
4959
16330
23177
12855
23449
5537
11951
4359
6307
4182
28255
29386
33
26051
13212
5830
27729
32516
7072
23456
24151
16767
31694
28796
31442
26914
25320
8548
13491
22508
14978
17134
6735
32431
7351
281
30899
17172
12826
5497
18743
1759
11247
10388
7510
13428
11932
25227
31932
29850
16474
28413
27041
29056
4144
30760
32598
19198
10530
23889
24349
8220
26022
10342
24382
20952
14167
1763
12375
25380
5869
18930
27892
6703
12397
12758
18271
18149
8093
2185
18874
21177
20667
20388
23626
32162
22894
1408
1558
27747
24061
17819
7089
27664
22207
18493
20564
3790
18899
1371
23855
1498
19728
32443
13057
23757
25663
30041
27111
31262
3976
3594
25457
2280
7723
10591
21243
12269
6513
29388
8251
14812
23521
27401
22550
4815
10422
29113
8120
16152
22417
4682
24035
12093
26732
6172
3719
5441
5071
11749
29844
7973
11078
3156
7692
15023
24082
31732
28252
18026
13855
11860
8940
21486
24886
12901
1525
24417
6772
2083
17299
8254
18427
6007
5403
22357
8423
3676
13998
15892
28548
27202
23310
31492
17342
12463
4529
16278
10712
6956
21268
29472
14689
14943
10066
3875
4196
21621
6901
4303
3808
707
30220
9161
26231
21164
27006
27179
21098
28101
9885
1485
3013
3383
5374
18115
19927
15461
6793
8998
32485
11983
10700
23576
20768
11574
2708
29698
28627
24066
4287
23072
3297
27872
13644
28480
25199
21935
17844
18374
31966
22173
7549
20212
24828
19853
7692
12136
25211
1213
22715
9446
16034
12965
7979
7000
20290
12578
28124
16147
27116
12243
25850
25180
16225
26051
17274
23595
20298
1609
6246
17455
17449
32045
7797
12305
19344
13836
30175
22013
16017
29438
12399
14431
11893
30325
25562
16106
10672
1129
13903
24799
19733
32434
6479
17548
30023
8373
9919
30739
9328
7746
21564
10092
28725
10685
28846
29613
3049
9596
8224
20361
17152
1137
18895
1303
30663
7689
11392
18645
31315
31059
3351
32237
19383
21349
13158
4023
8571
25852
10563
1150
15689
11106
28637
11655
27880
14485
8016
6223
18031
20133
9334
9493
29874
19038
4352
26264
10241
8487
12742
12066
32530
30250
24412
28357
31803
2741
15590
18149
23268
3552
22829
30455
22845
3953
26098
1671
18988
6652
31106
20608
906
14415
3722
21416
31886
27149
13869
27754
12425
19352
12372
23512
6612
30004
24133
16368
22791
21866
17272
24862
23660
2731
2213
30979
7092
54
13602
22133
15336
21052
4716
711
12194
15681
28164
19530
10108
7365
11644
23059
26313
15652
26833
11519
20611
1211
32507
12789
16517
14412
22723
18795
1274
24227
19925
26668
3094
1914
24598
13656
6660
31131
16695
18860
6943
3140
22155
29699
26212
12239
12053
10013
1063
27026
8166
29856
19718
18181
31398
14684
29980
3106
4720
24275
22391
8466
739
22009
5579
773
28021
12088
24679
15458
8459
29623
31337
10272
24519
9180
20014
1139
14113
32528
9741
6316
7738
30914
23877
29274
20076
32430
7475
32182
2598
29791
31433
32062
17911
2034
2107
9375
26600
17438
12027
23256
4367
881
26088
26525
9569
10460
6083
4089
1480
16754
19938
26168
12406
29549
29480
20740
15224
24178
17204
3534
23950
20758
14809
12912
31034
30624
5838
29200
24087
26640
18855
10567
13420
12129
23044
30082
18177
17420
8201
23465
7985
461
24846
16895
10049
4777
9367
16714
18160
26928
21894
4403
11855
12288
911
5103
17107
21130
22765
17695
25257
793
6227
4085
29257
25104
14118
20633
26702
10866
26601
1227
19333
1960
10489
28617
22340
30847
11130
13683
14845
25457
9873
12461
8722
16421
27347
2309
3307
31289
18942
19350
3143
28990
9959
2859
30159
14852
16820
19368
12529
1304
5195
15526
5867
20108
21259
1886
6438
15094
26041
13256
8646
17851
27837
26884
25215
9358
9870
3320
1450
1075
18795
1851
30104
649
9548
11057
11814
2503
8728
3448
19601
28934
28184
18563
20876
1536
28844
29829
18832
25623
21820
22161
20340
15513
17010
2815
7485
29762
4518
12049
7991
14850
6810
19927
15685
31489
26472
5199
20085
22497
25784
4305
27351
32579
25142
426
3984
4492
30532
30472
18730
29161
8171
19478
22574
10384
9752
15207
1013
14921
11013
4760
4027
6445
25845
18737
1525
4782
25892
32461
19940
24280
31230
9339
16235
13527
399
21859
10526
2232
16443
8877
31899
22132
4015
22174
5405
7722
31255
29444
19534
30124
5521
28373
20829
21309
13282
30483
30289
30105
14953
14066
26525
3382
13905
27453
500
2762
266
17654
14942
14093
2297
24381
19596
30656
4718
19570
9064
26094
1239
32414
12273
6514
6196
3855
8774
19897
30411
10563
14592
17353
10013
7432
6853
1410
21016
23520
28187
28196
14734
26026
9081
7186
29414
26751
9636
12246
14866
6107
25657
31844
28865
32509
27781
3235
7637
21136
1181
8745
279
1418
31915
4422
3881
9557
10887
7749
27069
16685
17287
16366
10245
24777
2199
27472
874
20029
30860
19645
15489
14111
31925
4629
19515
26856
17331
10824
13660
11422
16011
7702
2606
1456
29690
26137
31350
22562
7689
25094
32167
14825
17888
21808
27990
29593
20959
3149
9198
29757
14827
4221
29605
15494
22022
2952
2478
1321
31523
16743
4528
9346
23096
17159
11640
30589
21908
15945
5355
20918
16499
3917
29246
14559
15568
30448
20073
28515
11130
6803
8664
4680
25194
12575
23908
20058
7508
325
32643
28806
23676
5387
2491
21892
9675
18052
27229
31929
23586
2526
11887
16987
8430
6307
4074
1238
29693
25144
13350
14702
1424
26026
11922
13350
28337
22697
7080
9953
17350
16341
26656
7112
13671
23609
6244
28395
13165
4629
9285
2859
17995
11489
15084
28247
4770
9358
787
14485
15119
18447
11125
19204
5192
28952
24450
14751
24423
9510
29784
5221
32389
18367
25071
19383
22411
16891
23699
13313
22853
17219
8856
27804
22200
32601
21065
11763
11446
3480
23585
17125
26031
19838
25918
12651
20426
29799
11794
22139
14644
10395
20828
31020
18104
19851
28502
6426
6289
25944
6448
31756
12668
11157
4286
16084
21521
19790
12398
28023
19026
25161
3964
26254
19333
2955
13929
3564
29759
23326
30633
4737
1218
26898
16540
19326
22920
14786
30399
28858
21024
22873
13604
12885
6713
20628
32287
29595
2301
22217
13635
11563
2720
25896
30092
14936
18488
3905
6110
5583
463
17606
32174
18810
20150
24722
29695
5541
14365
10475
17041
4960
25057
9476
15189
22052
13733
27590
24099
20665
17444
20432
25775
342
20677
3261
19130
10507
15217
22949
9861
4700
15521
1254
25995
11055
10171
32036
16751
30184
10142
27534
308
5586
10619
17251
23212
31425
27112
27317
2099
28661
22575
24686
26269
4674
17388
912
12140
29038
2263
24513
9030
24795
11486
8966
14503
15205
9335
8399
8916
7822
12596
1588
17680
24793
3735
9086
26129
18291
24873
28393
14261
16152
7110
9384
1778
7221
20283
10282
10251
9802
6163
2716
29450
29331
7853
23215
25706
20967
23954
8603
13844
21984
8710
12644
1165
12604
31453
10331
21613
30595
2448
19945
3091
32746
27024
11400
13719
28536
8666
3346
7424
11879
21708
14142
7863
19661
8759
7015
14908
6780
28597
18832
15640
30246
2877
22950
6675
6085
23540
10500
16550
23097
5446
4413
2227
18483
8246
31765
1652
28755
12018
30928
23218
17549
11947
14000
21303
2257
2979
2233
28549
5355
31624
22199
7624
28072
16896
8066
17418
31034
9093
28801
27046
21213
31347
30317
5375
443
8799
2903
12657
5901
11691
26093
4488
30596
6487
19961
24944
21479
29466
31274
7597
5373
9650
31511
25100
16045
24440
22401
9434
3684
18231
15832
12883
22711
29502
28417
31837
27210
22196
18007
4727
28656
6444
752
21996
10771
3193
13857
15948
28503
13508
31556
16924
17018
5852
23736
14285
32639
16588
2602
17131
25611
16563
17427
8599
30479
32208
8322
28215
5031
10205
3356
10604
6978
12446
12897
8261
4868
953
7217
690
12392
28872
19342
15931
6442
31661
5539
28913
23140
1829
29701
2213
23287
3489
10810
25177
19756
23633
25720
32244
25499
1153
13230
6714
19788
30504
2761
19706
15645
32446
8496
27529
99
2895
24208
22384
26836
1230
13279
866
3493
6059
1435
17521
10223
12199
2899
17281
3671
5352
18537
8956
5102
24392
534
11463
20054
13299
22190
7285
1831
305
23078
22971
23696
11392
23507
14116
21826
26342
14708
2310
27529
7045
25459
10421
21436
11376
30312
14326
472
29117
3551
14519
12904
11996
13403
19709
31400
29223
5275
13085
9193
4793
20507
21039
22071
16516
7902
27328
22074
23198
7275
16327
23130
32732
26134
19418
15142
3490
28288
22178
759
249
10849
32397
8400
28130
31365
2754
17033
235
30485
6490
6701
16127
24
32205
4768
30594
14137
25514
14213
7326
18123
2444
21598
30167
6666
10313
3829
24806
27300
23148
252
5316
18296
6118
5360
6917
30877
6656
10819
29543
25766
15252
17593
5547
23332
10621
19219
17827
26733
30540
6379
28045
5788
27708
26591
29343
16345
7273
21489
14307
21979
8764
32558
17221
17066
3114
6286
14571
18090
21150
18972
8388
30677
27187
21078
10852
17992
17959
19671
25359
10753
24333
28211
4627
24039
4545
14115
12123
19466
27297
25314
10306
3885
12538
5334
26277
11650
18113
2419
20028
28852
12420
20061
9258
32554
22943
17868
5330
6795
26803
31029
19437
10109
14420
32551
21209
25267
18434
30835
10548
26406
14683
26767
19370
27042
11662
27964
7435
19845
5907
6503
26017
30404
21402
30541
23744
32046
8769
30179
28830
9461
18953
17781
16485
16490
1163
26509
31879
24328
231
30230
8530
28084
4862
26049
16324
11331
25313
18344
18592
7229
12424
20018
3521
19680
32712
6454
28079
10344
16511
3427
23920
9870
18194
15071
17569
2127
10521
5934
24517
238
21080
3670
7388
28732
26098
12096
9784
4631
16345
30562
3980
18225
10889
411
22854
23315
7414
7262
15902
27489
5314
2835
32495
21599
24756
30394
8390
18100
28518
20946
20793
27246
30269
13177
25851
13127
1182
28116
9389
18982
22367
25521
23542
12265
124
24939
24277
32098
14092
32014
31030
25759
25459
16828
31940
22383
15320
10832
24831
30497
1242
12096
10638
12687
19070
27592
1750
12124
9580
7749
25803
30585
24668
2015
23558
27630
4555
28522
14617
983
32242
19342
3615
26284
21752
22566
663
19654
8551
6887
21874
18719
31453
6978
17770
24666
20740
20875
21398
4355
25283
4442
5179
12567
13750
29490
486
17607
8668
352
1719
12921
17808
11302
12288
30736
30139
18713
16399
17773
32327
8648
4679
8245
18135
21918
1398
29909
12213
4874
24674
14532
15115
27612
25765
520
22103
18675
955
14332
22553
16661
27226
16720
1486
22302
22017
21329
13858
25437
26836
18027
25442
11323
28583
5100
16944
29213
20057
24842
12410
29324
1635
15144
4269
9876
2992
26965
25893
16489
23472
30486
16361
11345
2728
23653
23189
6333
15180
26361
27287
18873
13455
18632
1438
15239
2490
28619
10832
22663
2235
2817
16700
18011
25280
24758
10767
3655
17157
23045
10506
9438
18410
26524
18611
5339
4681
9151
971
20813
24326
21904
19329
29431
24296
14733
15845
25846
16551
13146
8351
17572
8518
19649
29665
30909
22178
9719
12698
17344
18508
15136
3309
21912
19092
8982
17889
8316
12262
11110
25946
29972
1114
30108
30024
10717
10118
31169
2334
20942
14487
4641
10886
17980
2208
29778
32338
2043
1841
15217
13750
15302
23852
26543
8117
17888
10708
30476
28378
18684
5671
31587
1832
3163
12910
20903
26707
3380
21010
24172
2097
16216
22961
29609
12651
16662
13169
17340
14968
1628
23956
1454
10444
16160
18253
11961
5196
31998
28626
25863
24326
23587
31667
4029
5407
13161
13418
10296
2316
4035
9779
12438
5
32476
20510
29561
695
27899
6754
28935
9786
6698
1780
7478
24898
27287
20568
21318
16793
5690
27320
8847
5581
31672
6963
22652
24358
6792
6519
27608
8154
30804
28562
11592
22916
30114
3077
24857
20435
21939
14874
9788
25471
32171
29816
20111
6530
12019
17909
3167
8836
16604
11435
6442
30359
7557
13134
14761
22820
1534
13501
17165
22821
25005
32214
1418
8597
7409
16783
16402
11813
23302
4930
355
14385
32553
23369
6723
28658
20732
31179
1290
22005
16427
3029
26210
18636
2896
1709
2891
6915
19988
7523
2146
17750
14999
9384
24162
2336
531
26851
18411
5911
12476
10882
5250
3639
234
13454
13530
26364
27001
16771
23633
7892
27504
8798
23486
14292
25314
23543
6506
24746
24338
11921
19036
22739
17882
15280
20698
25870
17998
15915
25644
26640
24220
2177
26019
29561
31031
15728
1754
25863
25908
30404
9532
25609
11764
20078
32454
21271
5635
32213
9230
2561
14656
1905
19333
27653
6718
7829
27129
11845
7915
16780
13406
25208
16495
14824
28365
6623
29271
30487
11469
13434
1267
30519
26322
12413
1788
12843
2307
3582
27258
15087
24384
6896
28901
2856
612
15188
8843
11520
10951
430
21809
14128
3080
11190
1533
20318
7689
22353
2708
9898
30522
959
23935
9348
7195
13078
2515
13248
26620
16367
31249
26092
29447
15199
11851
24801
6529
26409
7560
19096
2125
8241
18026
10047
29362
19764
13070
23948
21854
9655
29748
21842
27306
25917
22432
25682
13343
16061
24000
32083
15673
9299
12942
21877
31596
14134
11704
29634
28517
29674
7678
24326
27538
28343
25564
24032
9188
13401
8042
32026
27348
8953
30080
20534
16292
20316
12317
8265
4583
19035
15882
32013
24131
23187
21946
25649
2166
32349
16245
29427
5783
18945
2742
22001
12702
30246
13009
27452
3879
12941
30424
19119
10355
4351
26816
10367
25264
7300
30656
17938
3194
28886
31226
25877
21665
26133
31069
28873
7725
9404
18378
20893
21919
13780
7797
7938
11130
25448
19599
9083
22530
32056
14626
26355
19524
21937
15420
13140
29782
2845
4943
18261
28384
28952
29912
11156
24027
11843
1855
24036
13465
25148
16126
18152
9990
26573
26630
11745
7725
1891
24158
7876
22014
11714
14862
30352
2126
31480
29243
2526
18719
15759
15251
6585
30754
11783
9708
2737
27514
32388
15655
4651
14275
4803
12635
19963
14675
29778
18992
31285
17087
22273
10632
14655
5281
16788
8549
8747
665
11962
8455
2372
27026
14915
32084
14055
23367
11917
6269
149
8965
1599
11487
30789
1970
13882
16167
9727
28430
21453
31674
32678
17977
27432
852
4886
21366
6676
27374
5743
21806
17121
29414
21167
4664
27551
14682
7303
16215
7569
27604
20327
24068
22750
15405
32476
30830
28810
7339
21019
24256
25253
1901
15838
18850
194
21769
4206
1538
31915
26227
1025
3604
11603
9761
19271
13207
8204
9324
19520
16219
18938
21306
32080
10752
28104
9434
6293
20992
2457
4655
6520
21232
24898
19473
14466
25090
30902
7152
22898
21455
4801
14266
8076
12115
2042
3327
7219
29241
2547
18260
19386
27225
9906
5621
21624
18560
8293
29870
15386
20591
27985
31739
1853
18982
29708
31854
30525
6242
22508
26961
23111
6244
27071
22157
8630
12020
4284
3530
12956
9894
16314
32472
9374
17244
19104
3917
25350
12044
12317
3440
25619
9155
11161
19030
27283
30442
9067
8011
1460
27081
18252
25204
17176
25417
29451
3762
18215
30462
10627
8904
16297
23908
15307
31681
25748
16745
28844
11916
31522
1836
16472
9450
3879
28677
30808
394
22178
16325
23495
3953
29586
18239
5054
16544
2059
30727
1039
32753
20616
25977
22582
23107
14467
22269
23692
17110
7491
20362
30654
30456
13046
11881
22654
17634
16383
19772
11128
14813
8849
16190
28040
31657
21629
5580
11818
20766
24904
20005
22066
7700
641
19566
18109
22145
22097
2041
25703
11489
25684
19654
25278
32731
25767
13898
25591
19233
32067
18288
16608
8088
27017
17374
3350
26297
16413
11897
11128
30007
19192
4395
1755
12513
9657
29156
17152
19915
5692
6366
31171
26280
21358
3110
22676
29819
11872
25688
12843
26991
20890
24233
22648
29442
2737
20523
21209
10089
21020
24141
17552
8752
1347
8353
6004
21538
1753
4067
16102
2664
14700
26166
9991
28917
2106
21680
9257
5153
29255
12825
30339
9619
19372
1776
13864
2149
10546
6831
15162
26755
10783
26193
22106
24916
5200
4112
28004
30621
30344
21619
20569
27298
17672
136
23197
8334
9312
24942
13411
12820
22148
19735
18533
22871
32290
10316
16856
18439
11315
3570
9887
10445
27601
31627
25023
20458
16456
9984
21011
24347
18799
24989
12609
24767
569
11357
26348
7739
19847
24936
7211
13726
17728
5850
9018
12929
32676
7878
1904
11826
16093
18555
22897
15121
16087
18181
2981
7993
5458
24823
29417
8803
22582
19816
16260
29448
32294
25148
604
26310
11607
30629
4714
6661
27811
9448
26219
13018
27353
14949
14040
19244
20568
7378
31769
17941
20188
26055
7414
5258
25495
28031
24910
11583
32644
8669
32011
15301
2552
20141
18261
19189
29050
15149
29190
28306
16084
16587
21854
12330
24170
16177
9209
17213
5067
4479
6909
17570
19334
26839
664
2341
16191
12319
4778
16245
8193
23810
4030
26942
15062
21048
13375
28562
19349
14088
14825
22157
29180
26635
6013
21561
31998
25906
18105
20143
94
24842
9863
1407
26749
21823
19829
27218
113
16480
24677
27854
7766
28897
16773
15802
27113
358
11138
19811
29011
27199
3321
2366
66
19502
14383
7374
27966
22641
15105
14792
20795
31228
29470
11126
23914
9223
12915
14681
17237
27080
2023
7442
25387
17282
73
3971
13400
9406
29574
12593
7257
18392
12832
20972
10191
21182
9947
23475
22994
14581
16570
25810
1415
32477
14633
11597
26101
16949
2684
2945
26644
11233
10904
3081
23335
12011
24048
18655
31564
14537
14004
15299
2642
14046
5188
4065
27338
5443
14059
13998
29025
6854
15306
17427
24685
17971
5394
21965
16837
4307
21111
2580
4822
14899
19937
18810
30451
294
4196
26647
25581
28173
882
25059
31972
4694
16975
13923
3932
24899
8134
10120
26259
1517
13339
24532
26899
23176
1856
17342
13443
25832
11083
29272
11202
31812
23336
14639
11063
31803
29067
32626
22370
10516
19497
27735
14775
10570
28456
19643
8109
14408
31956
31753
28690
30321
21907
21596
27297
31331
29723
27112
1494
1917
23010
5526
24321
3487
8150
4846
28826
22064
32591
13626
724
614
26434
30696
2676
16065
29111
28209
27108
20441
19837
22008
18563
23642
28700
20981
29760
6221
9227
3858
359
13721
18211
22805
7354
15817
19796
25216
17348
14607
23447
17333
22378
18057
3875
30046
15555
2500
17636
18956
42
4479
29993
11038
11921
7089
30621
7397
22808
23245
17272
19974
30430
8260
32758
13855
6422
4171
30985
1965
9566
17120
19530
31021
2637
30215
25142
10625
8779
13658
1943
9110
14502
6848
15168
17732
25826
3197
1021
3445
12368
7275
25290
5514
14818
27782
13635
14842
19517
15534
7260
13884
6672
1449
15186
14312
5284
17768
25314
11545
4277
24715
31928
21013
11649
15655
19242
16944
12830
31430
20774
4077
21776
27567
30313
10343
8731
13160
15346
1519
29270
11898
5303
30199
10881
1908
13974
30255
13208
7474
30606
27885
25000
7775
2863
16594
15586
32313
13391
5035
24814
9876
16127
9365
26242
2850
22206
7525
2866
497
3308
20294
2954
1333
9089
8868
25434
16968
28670
15945
26705
6639
27300
10694
29389
30175
15844
28437
2290
6016
27160
32636
16378
17392
20848
24500
18379
29003
16431
24395
21711
22826
17687
24391
23552
5225
28193
27660
21826
9262
15730
11904
30710
3110
27275
30828
9676
25106
17344
28710
30680
30339
17387
8045
8681
31457
12385
27028
8214
18610
21285
11491
25241
11801
9564
4922
27617
25501
32257
22007
5346
3884
6362
31002
27568
30816
2475
16807
24652
20993
28585
27468
13245
15562
32049
24900
23907
26480
10170
32379
23177
28640
5129
6387
7225
27080
4772
23654
1876
11866
16520
14381
15074
22861
8222
25696
4262
5924
15980
16959
3061
10418
14472
7120
10953
16350
13651
1738
19730
6564
10083
28338
9804
31068
27457
2628
27990
26943
5589
16404
16002
25639
1822
15989
25577
19606
5415
19098
30721
21754
25398
2811
5745
15663
14662
20730
3875
2374
28599
9671
20379
5509
17221
7809
30344
11182
9527
15262
17817
32133
23512
22412
26002
10380
1835
26776
12447
10001
24027
6672
30440
21098
13937
164
29029
23168
12489
28178
22260
22154
5063
10243
18345
21275
13126
1583
613
351
29265
15304
6314
27553
13718
20502
5293
21265
23063
2655
17837
6853
1059
21769
9860
25597
23173
23554
4732
16299
507
27232
15459
6451
27882
19269
7138
15983
21327
12806
17674
10486
26361
28044
24112
27806
6134
27386
10235
28479
32075
19343
19387
19898
13800
4559
25596
4666
21978
10717
29532
8122
13251
20780
15769
30408
10887
8534
14062
14216
9033
16972
32160
1275
31638
1968
4564
11649
7135
32127
16291
15517
21037
10227
28528
23033
17680
31400
20601
6570
4824
19197
4525
8628
28936
16829
7358
18641
24584
4095
1910
4718
18202
27466
12110
11255
3215
5373
13117
20308
32315
28910
16334
11956
7718
28498
24949
19849
10116
19933
20771
27347
24552
29738
28440
24738
2228
28508
24569
7382
1236
20742
34
5930
1708
30024
8509
26737
23118
29755
17939
26399
8177
17039
20643
27914
2719
17779
22129
10866
30509
23989
3873
10815
28528
11819
4420
27531
28078
8529
20850
13408
29779
29235
6041
451
19941
15502
24212
14577
2362
22578
20992
32232
1513
938
24139
21289
9470
8735
1805
26301
29170
4218
30620
12406
22490
21961
475
17783
14046
13028
32594
1270
28141
21840
18564
577
11439
12643
13948
20479
8635
18345
25258
4281
22795
22919
6381
28825
24236
20766
12273
27761
31162
24690
15291
2558
5004
7116
20098
25967
7980
4957
15297
14369
5386
12323
4490
15533
22257
22545
15389
5156
4153
7530
1977
4249
26175
32110
29874
2272
3346
29240
4548
6550
5231
23527
20647
30561
240
1276
2275
13945
1408
17923
7398
11112
28946
3190
30036
18702
9363
18654
18078
8167
9500
2107
21718
25233
7789
15526
10690
5000
27031
31029
28975
16437
27640
9503
28551
27943
25196
27168
18086
6048
27842
25119
31978
28755
28013
18447
31369
13164
4476
12307
28968
16849
5325
2789
25001
24487
5757
30840
13380
15385
4514
11740
5849
9812
20029
29283
5508
5078
24170
30722
8563
23529
31706
4857
31220
19562
22915
5302
11218
31695
15766
19959
6882
31849
30642
31792
18905
21733
1879
9772
21600
25113
1693
11254
20331
1534
11558
3578
966
18424
32593
12136
14064
19038
32176
6105
30253
14646
26813
30773
6103
5696
27848
30420
26357
1591
18996
1763
11535
851
19939
20234
3648
6418
11759
25419
27532
3384
7835
22062
16244
6676
13193
25883
10440
7686
24877
17415
6077
25662
12929
19539
20799
27334
1786
4848
15496
18883
27835
10696
12018
8184
27402
4185
10761
10379
20736
6051
16357
24076
23684
15685
4535
20147
19834
16867
7329
1513
14647
32458
18635
12042
12856
16087
28339
21866
6164
7829
18116
26006
9136
14245
30507
21468
946
7011
13286
3085
7480
24774
9501
3713
17609
18824
1974
24156
908
17031
15396
9488
15543
17260
14207
12067
18251
20874
2778
9779
20479
10761
29905
11319
6009
22339
12641
15367
24772
13678
31741
29471
9215
10876
30685
10399
22866
5439
29338
30103
28711
14289
13560
4738
18070
8499
22018
11792
13600
23092
17501
8489
673
22932
31190
9262
21632
874
3389
27010
28457
14275
5750
16713
23229
13452
6349
10863
16391
20146
26506
29932
4531
18055
14533
22855
21946
15208
23164
10585
8993
669
15843
32340
10211
25984
19707
2052
19244
2785
15974
24916
16327
4010
23418
3603
6874
4799
27796
1528
17105
14376
16303
28900
19096
26482
32053
30824
3341
18770
16148
21127
7349
18572
7701
27069
23469
6675
10602
17984
20452
4210
31877
7301
1928
15978
26417
9478
8638
11485
23515
8515
20374
10219
6192
12806
24894
26458
15342
25324
13174
5691
16883
3873
4419
32202
3995
875
24040
22423
3656
362
6930
2787
834
2078
8019
22861
6594
1449
4305
16046
21321
22102
30784
2113
21046
13531
13
26375
12952
32731
13276
361
25921
30895
21557
18464
16668
24422
4730
4690
16064
4106
18717
17661
4676
1317
1039
2457
5973
25476
28028
22521
17287
29499
29365
22387
4841
10730
13678
23360
8924
10814
7465
32293
28453
23738
7410
8531
25920
1463
333
21133
16887
31913
23149
23944
27956
26789
22182
3223
18452
9760
8485
23688
8508
14842
6367
10184
17264
30139
29639
3278
21090
12572
8772
5047
27079
15561
1762
22318
12976
29285
22088
13455
25368
1486
13162
18252
23481
31651
23551
13199
22565
26884
31030
1057
25873
24729
26788
8074
4340
12502
4481
6266
2769
22397
6677
23911
9040
20068
4461
2936
25620
5496
24914
26786
12617
7682
7292
18705
10620
31529
32002
25545
14256
31672
10005
23181
2990
4386
1006
30975
27804
10180
18693
28426
6609
21609
32644
2685
11752
31507
8187
13304
14355
21241
5717
13068
32690
27596
16907
32158
9765
6206
18071
5772
6878
25029
16428
16276
5562
27036
12452
625
2961
23308
14522
21830
20748
21225
29049
24128
24502
24671
31220
6775
29014
751
3384
27670
25981
18868
13439
21436
9563
30699
27046
22818
31190
21170
15841
26365
2014
31760
22702
7718
26362
32566
25351
25592
1575
29188
13020
12281
21219
20431
19136
23741
22149
29026
483
8
15823
17986
26688
3635
32454
13111
15127
19665
4289
14855
32158
22674
27329
20101
2548
16999
15360
31946
11862
2022
4813
17603
10901
27377
26006
20204
8647
27794
12871
24154
21565
28458
10195
9215
13750
17355
3599
22314
13266
9954
24519
14157
16586
28697
19212
23299
30301
31099
3019
28753
25870
473
21668
21036
25484
3693
14840
5948
29298
4030
21316
32224
2096
19907
1710
22898
22857
24395
13022
25804
28864
12445
11023
7691
11468
23899
14694
3987
29651
25004
7042
10835
13718
26265
11604
5450
3242
11704
13873
5705
5159
24584
3109
30715
17828
17437
395
4388
29538
8061
20698
20774
12999
18249
31426
30153
19214
9248
19064
20027
31806
11584
29774
12118
12888
7918
646
32034
30933
28697
1128
28059
16975
19258
13202
26804
22655
3710
912
10651
2151
5927
20396
1343
24272
23599
6919
31248
2295
7215
5865
27909
11652
8832
25430
14308
20923
26528
15842
27838
7926
4311
4806
29368
7251
4890
9266
24594
12458
32047
15333
13665
194
11538
6908
24095
32196
29848
7175
6758
14319
29010
15202
13817
18830
7092
31171
12420
28199
20854
19727
15141
6646
24379
4978
12074
9625
19825
15534
25117
25101
29816
7603
31486
10457
7174
8817
11471
15497
10698
20970
31318
3422
9039
22667
26398
13892
1828
3260
14783
17924
16698
8630
13151
10427
16013
31892
24697
17803
25606
24493
26333
9360
27808
24610
29944
12566
29387
22963
13910
27657
10510
21719
29029
8876
1519
4875
12924
32142
26391
13674
10267
31675
28594
12670
5237
11823
9749
2134
30763
18320
5283
29656
23131
21532
29169
32345
20953
11744
5160
14443
13244
298
13227
246
2845
30018
16634
5003
15899
19797
20951
20724
1058
5554
27047
30224
4462
12601
8474
13534
7114
23311
28942
25559
7326
28823
9393
14209
29736
6046
14054
14913
21002
5334
7915
30320
1797
26246
20536
1714
9220
30591
29098
131
2652
32338
4064
27923
20818
23744
20198
17492
9438
4978
24336
7761
430
7659
14633
3777
29294
19130
26061
24284
12871
25588
21524
6509
22693
15329
881
7465
29246
29174
1241
10559
11088
1027
5927
6192
28457
32686
25279
15585
8429
26656
6257
5615
20884
9214
30625
19266
5938
1947
32677
10725
27003
20332
20591
4628
10118
7868
32364
2967
10961
22176
23979
29775
2950
22830
2114
32015
31228
3306
9198
26797
20865
13441
11001
16728
18519
28346
15457
30763
24828
29353
14134
8963
174
23590
9540
19598
20271
7293
14578
2725
17350
25447
25194
20188
902
5177
16378
9559
29906
7004
28090
21983
11297
14333
30832
6964
5631
3589
30640
25765
597
5196
4936
21983
29929
13065
30683
30979
24360
9870
32459
22267
10020
31282
3420
27149
8153
12174
28439
7856
22196
26092
12141
22175
23126
5628
13981
8749
24213
13769
11736
9176
25027
22764
28322
21024
14131
8447
379
2970
6906
4693
28607
12608
13043
8424
27851
15115
8454
2451
6753
31428
2729
19330
27726
279
14758
21990
28489
22761
14879
15853
30495
3307
6608
4337
30733
11119
11413
5872
3949
15483
31276
6460
32662
24092
14651
371
8957
31485
31637
25778
6816
20280
28601
20230
15268
12140
23452
25379
60
17936
13480
8793
32718
15111
30980
28867
12881
31092
11798
10690
762
1999
10310
22697
30231
9785
5
27066
26171
9996
22542
26450
7323
13751
22764
5984
18616
32713
1469
3355
6974
29771
20021
757
2092
3411
486
4298
29750
22486
2238
4702
20840
11710
1233
20998
28427
22076
16728
19365
204
96
4858
7130
8475
19431
3403
28536
21202
21588
12691
1847
17943
29250
31440
9129
25731
9976
27390
28015
26756
26174
32149
11692
1023
12911
9044
27322
23098
16080
11069
15644
20730
3104
15585
28852
31976
13168
18397
17974
11577
21301
3237
26845
23182
21148
8832
27741
32025
28445
7892
26392
3586
18515
16804
31892
14345
24075
19287
27693
31596
13467
24507
30727
18699
4981
6729
14407
22730
4603
14251
11907
16183
26261
30843
11638
1645
11265
8526
26873
20024
4331
15345
16943
14201
9662
32242
9215
7884
15545
30818
967
27241
4165
29914
23118
28488
9094
9148
10491
12681
4400
32699
24389
1042
15516
2718
13419
19322
6427
18240
18789
26662
31626
5340
10010
2993
10790
20359
27859
32145
7842
23038
17136
4856
11895
29858
26074
24057
3452
1473
23864
22508
24246
14103
13158
2835
18289
3221
16674
32638
14479
22625
24969
28459
25121
12317
8771
1394
1332
18284
17402
11680
6125
21426
7952
13539
28633
23836
16529
17254
26238
8417
21350
28860
11318
26823
10700
30594
15677
31720
31493
19520
11528
3254
10573
7057
15320
18493
9232
29572
27280
27304
14938
7233
195
32007
29071
25584
14610
8271
13404
25046
1973
2466
28141
29889
12119
5073
25953
167
6183
2592
28027
12170
7468
4169
15514
14750
17368
19395
235
30894
4577
12867
1245
19132
30028
8580
30677
2024
29387
9284
12068
3987
3656
2191
29494
12483
8642
11071
11531
29129
5720
7364
2027
31522
13219
801
23382
10652
31049
23863
28987
3001
14031
2886
31850
20056
21935
16561
21322
23698
2475
17153
17103
14051
23392
6701
3495
17802
16670
5657
27572
10802
14839
19804
7615
21713
7958
31046
26987
24529
8019
21282
4455
30574
6404
22200
7656
20575
17941
3606
2391
29112
28251
19088
9542
22031
5157
28422
19369
10205
20244
12133
12355
7464
18733
26992
26206
13919
4653
31425
28351
25734
15644
14346
25049
23186
31781
27041
2625
3607
11941
28988
866
11040
5506
31993
12402
32606
8638
27553
8101
8326
4428
17965
11680
20980
20002
29321
32048
28052
17295
921
5948
21506
7631
19066
18168
10224
10205
3338
1628
22729
15240
1450
3797
16531
30665
4162
25146
22810
12628
10374
24577
19531
20845
7544
15027
25566
5885
7726
24989
7224
28133
982
13001
24207
20626
31991
2348
9807
26577
32250
31521
5564
23781
6888
23830
15833
4568
11893
23685
7561
13326
29246
18215
7157
23840
27727
21092
557
13799
21992
30477
14354
20438
24449
13645
18547
10381
30219
21725
28790
2988
28025
30072
15930
18149
13439
911
698
25686
30105
25917
6901
24341
18768
29565
21580
1548
23993
5019
28715
263
14142
1256
2795
11275
28320
14002
27127
15594
4157
14963
29998
26388
143
9801
24457
29104
2550
31654
17150
29675
30647
26185
13220
11152
25156
26477
3607
8666
4286
16704
1310
4742
5048
13974
12939
18731
32062
29407
12131
26830
23061
11862
30527
20913
20549
25212
6898
6509
1749
8901
1644
18752
15062
28049
24031
22184
9635
2397
13856
2609
6246
16955
11343
18571
28894
7039
8378
29151
19296
18876
6399
19299
5660
2287
3441
10029
27042
8953
9661
15941
19109
14931
10446
28925
14590
11517
9197
24965
12275
9143
3373
7354
31674
8564
25862
17727
2105
9996
6976
29903
3344
16177
15122
18385
15065
1700
8844
18221
19886
1192
18738
9311
10476
26552
23018
31690
24631
31349
9240
4430
20927
25826
10247
15132
13761
3539
17035
28361
18256
12451
15332
9378
27221
31526
15846
1344
29397
18398
30039
5468
29042
18546
25241
21476
10549
13403
7560
32333
4746
20449
4262
28460
3980
24390
28534
19200
13699
23105
27685
28498
20395
29614
28783
22529
32568
18819
24001
28375
7318
20742
6299
31071
15861
21309
25401
6395
1797
3494
19314
4401
9726
19241
12256
18502
8676
2379
8257
13838
24073
32164
7453
13570
30419
3987
31402
27027
23487
6704
27372
13246
19110
2690
29472
24289
4160
11763
20571
973
12774
17664
3951
20764
25756
11829
23566
11717
30030
15705
19250
27117
1626
4838
9403
29184
17999
1980
28762
14337
1012
277
18863
18206
17293
16572
16302
13704
14681
1402
17223
26753
19807
4049
26950
24247
3179
24301
888
29904
10835
14808
21775
22598
31102
22765
26183
7285
31655
17295
15178
9714
28639
13851
29265
24607
465
9242
3341
28924
32330
10940
26949
24384
12537
1922
11456
24233
20339
26426
10341
13968
5497
8496
30369
30400
30334
12963
22793
28296
2148
3702
6465
6671
2951
5416
28956
31208
13308
18694
15876
2278
6171
4767
925
17458
26682
10617
421
31130
21436
29954
24863
20524
16203
31177
15536
16132
12385
9966
2121
26210
4621
6104
7174
32512
14068
7717
26198
21410
15510
10215
2397
30958
13266
22029
26518
14206
12972
22303
25533
23604
13135
23087
22508
25293
25678
11788
2052
11961
20015
24760
4942
17962
29226
29468
10594
17260
17966
29947
1608
28788
12837
7461
31198
16571
29305
12781
32377
7501
983
21980
8911
14108
31795
3239
19221
21403
29964
3167
3428
18312
27377
12008
11617
5129
13892
6060
31517
23035
318
24976
6458
6023
24371
26920
28240
25590
26903
1830
17806
7622
834
20249
25253
16125
12400
9812
3297
19389
5644
18219
21913
3865
5550
1126
7626
6695
8162
24815
7935
14678
9259
20430
31604
21506
16967
12375
6522
27206
8373
23202
19997
9490
3189
20540
6917
11389
17935
25884
922
14428
8150
29913
15724
3859
20846
30746
16337
26283
9356
3661
30416
23589
24317
20380
7485
29966
3562
31516
550
24404
5722
21832
15726
25432
12024
19119
6072
15428
10007
10985
10630
19103
7923
4047
30114
21791
5433
17644
702
19390
28106
17198
14423
16655
21948
5345
735
3539
10402
13790
794
21192
15118
17408
19657
19649
11860
5080
30854
12027
12688
32162
3311
30639
21482
30327
774
29412
19480
18884
27096
24455
22821
1786
27997
27325
8305
30599
17568
30072
11514
12550
19231
22601
29657
6066
18805
6517
528
25889
12598
18762
14210
1839
20507
30899
13123
27448
15967
32267
21778
2442
3176
31791
30756
17689
29610
24535
19236
29557
3785
18214
26999
8442
23805
1919
6596
25926
5307
17819
21940
23537
2450
21464
32502
5496
10579
19156
25991
5241
21620
4155
816
11046
5558
16349
4176
19700
32006
11012
21979
10387
8609
25092
24739
7715
3964
31763
31190
26021
9187
4443
2248
31151
7520
6990
16883
6756
25310
12090
18237
31908
17934
18205
7545
31104
17674
3258
6959
20977
3897
23276
13472
23241
20850
26939
18693
9449
3428
21933
21784
30133
53
222
11989
9157
23657
28755
11906
11229
23302
11020
26861
4640
26613
17496
24309
25472
28076
2286
17995
27513
1034
568
20346
29183
1666
17394
3365
5557
21884
14324
24720
5727
18168
23628
3939
9114
2677
10128
26282
971
1041
1907
3871
10069
25329
11669
30380
31759
30435
7840
29484
5365
2370
14224
626
31261
15643
7506
19340
13549
14989
19089
17736
27788
10614
12237
9720
9878
16204
6573
115
20
25672
20886
12892
29355
13258
11388
1959
31251
23545
31736
14168
11723
8361
5531
7566
8971
1411
25731
22209
11003
25439
14635
8264
16674
27893
19335
8734
15905
26293
9041
1509
8865
5619
23198
32555
3722
11079
28340
10477
14453
11316
4895
23641
31077
8199
15106
25816
16561
1026
19628
13644
1093
19130
13163
662
267
27326
17317
26460
24483
16505
9508
29961
4442
18266
14258
22037
31066
28210
9702
25990
13854
2781
6717
24503
7977
12580
19052
4184
19192
28898
19701
8630
12597
16230
27897
28988
15661
4121
28749
3386
25732
24672
976
16358
5671
15044
16891
19361
5507
30033
1977
15483
5621
12091
2937
29432
10881
20936
27266
19477
24006
6249
8327
2694
1585
25642
7548
25922
10866
24141
28072
24385
2604
11826
10234
19588
7921
18043
5792
10327
10605
3437
19926
8403
7905
25752
9468
31654
2772
21434
17900
14359
14597
23265
18058
4676
15267
12240
157
19374
8640
27300
7133
23800
29188
26039
32332
29932
15774
21701
5834
26815
24448
22349
13796
31126
15308
2618
26862
4936
5001
23747
2897
26726
16539
11408
549
3961
28146
27934
22019
1418
8193
24164
7956
14824
8562
5815
30574
1829
10264
25579
26529
15714
17957
18363
396
8652
31645
4970
7542
1895
31754
26283
27994
25867
31858
5567
23169
3244
7558
15069
24918
26590
17948
30422
24439
23959
479
9465
2056
17719
14405
1588
29260
2759
20418
10109
30326
26750
4412
1904
19644
22922
24510
16186
8878
10765
6256
12981
6854
18533
11975
3028
27200
15280
22777
1346
2347
25487
24756
18502
10433
25899
27663
25066
25588
26998
21185
4956
24137
4276
21392
404
17641
16185
15885
2103
26102
10100
25727
13244
21019
13612
27165
9933
15463
15882
16768
28400
3163
7000
28503
3174
22081
4360
25949
12627
11712
9720
2440
31776
1710
20852
15747
12574
6181
8701
31327
14188
30169
16712
21638
23834
21416
31114
31728
9870
10099
8179
3225
11559
7469
2168
17202
20769
4401
26326
27158
17081
1241
16596
4737
9873
16716
21960
28156
22869
7319
8028
23580
5791
5376
20370
108
1816
13974
28678
29864
31201
32525
1652
27436
19761
13257
25209
21931
19007
24121
30878
25636
30818
25190
28306
28690
11126
25548
15543
10212
20867
27752
2272
3756
17305
2578
7770
9243
7678
22029
10025
18605
25484
6877
2707
12833
28756
3160
5347
1068
32647
17920
19559
24942
18583
912
6075
2213
30617
18389
6473
21025
1262
26047
25617
8568
12322
8120
28070
8058
8724
20788
24953
20583
31319
22154
14682
23136
19417
9986
16188
4124
19650
21807
23609
5084
15775
27007
22742
9889
19392
19216
29319
30620
29406
10949
27254
2022
8706
9370
29056
30321
10145
2868
5504
18495
10508
4541
5073
209
10504
18414
13582
7907
25016
7277
5660
20822
30148
22874
619
30830
15540
20260
17272
18237
11933
8610
2455
6495
13056
27487
20975
20712
22255
11061
28102
20635
11889
12317
3839
26205
25896
30533
32224
14825
16945
12387
23577
5060
9036
23626
6402
4212
13117
14778
31525
5101
24434
29821
25340
4428
20709
19119
11004
31431
27716
7262
18642
28132
7504
6483
5100
28650
29059
302
21819
20117
17909
10681
1079
30990
3200
16246
21796
25882
27682
29818
31892
21650
16548
4478
19502
3859
15737
7476
3245
25590
14313
3543
14636
2179
23663
14598
32672
9825
21343
30162
10918
11857
6347
9494
22655
17181
2984
5127
9048
20682
30765
27915
7887
9237
8572
10959
20148
5662
3716
16787
31500
8286
7718
29385
1372
27870
9878
32479
8996
13995
9221
10585
8617
3717
14973
17186
5879
22487
3852
12068
9255
4588
15396
5398
11486
16735
25922
13973
10262
3539
11726
6775
28193
26597
5954
604
10218
19295
2703
24197
17279
29102
4285
13290
4556
2199
32465
10374
29097
16677
6387
10742
11288
19174
28880
25154
26055
3927
830
28411
18909
16796
22814
3718
20979
5748
12167
14263
20319
14445
27425
20386
6585
19540
23246
29101
1688
6640
3472
32234
3741
11504
16295
24996
17331
545
8953
20024
31892
5348
1719
21030
22928
24800
8766
2152
1674
11252
1851
20995
24131
11375
32531
19931
21211
24452
22402
715
16276
9208
25218
28661
2010
27934
11630
30551
10112
8709
13159
22176
6221
31984
3831
8769
12471
32518
28404
30406
24558
19531
21159
21607
27420
975
20782
22746
4075
26662
28703
19308
12361
27671
19822
12112
27496
30616
8337
20535
18440
30971
22241
32033
21496
5730
20292
25970
23770
4984
30985
19528
9768
16227
23059
1548
16500
32500
16442
29767
26100
18209
8686
29623
61
7094
29213
28835
15183
26183
27479
5483
18898
14697
5681
18275
16031
21538
3815
26081
8066
31133
20037
32661
5438
28962
31175
29209
23762
16966
32511
10185
24059
351
32311
26581
2810
16443
18520
27797
28055
30482
29706
13340
1382
31160
19997
16143
23369
19735
10536
12728
28214
28893
20591
2902
23867
29042
8714
26551
29375
22061
5188
32521
29962
16327
10818
22510
24584
19216
7141
24526
27721
3040
13552
23921
1869
13393
12142
29133
8447
15403
3406
6940
29311
7328
13649
28210
8740
29754
22310
31246
26818
10001
23251
2479
7208
20289
24406
14377
17133
4507
3212
2807
5485
10907
15443
1683
4110
18330
16107
28996
31432
69
16035
14391
2532
1102
1713
10962
31747
20834
12641
69
22883
1370
370
23394
14430
8373
27324
16558
11059
19782
3607
12984
15113
32042
11385
26793
5169
30205
21854
21277
18348
7245
21613
25393
17901
4943
8792
18397
30431
1233
23812
5509
4906
9584
2794
3018
8883
18699
11709
28070
17505
7032
26700
8120
8999
20853
15275
220
15423
26081
8077
12543
23219
14124
31221
14898
27682
6412
14862
20476
4801
11889
6742
6389
6304
8124
19970
13968
10287
299
7583
32569
28160
32152
14069
7840
1998
6500
13360
4180
25791
8622
7746
10387
31462
7112
28291
8033
30220
18667
21402
20951
17328
4649
15777
11710
8268
28836
30084
31580
2522
9726
17322
31118
15255
22800
27096
23
5895
27359
29778
7224
7737
6091
9795
23425
25420
14602
1374
14566
4402
14933
18630
24597
29108
6113
12075
15111
5302
30865
54
32213
31933
14442
15656
9422
29870
30535
17598
6342
29401
32718
28247
28080
11573
6818
24664
28528
17133
8666
9680
28906
7964
26803
18264
4447
30933
19329
27454
27641
5223
31724
16610
26020
10719
23896
15199
3360
5326
1445
24430
16724
12620
13849
10376
4582
2620
24730
18763
3592
15570
3361
19231
30101
13651
13163
20761
92
10524
23794
544
12220
29158
8987
24142
24177
11848
23985
920
685
19325
5522
9650
22122
23656
4008
15661
23039
25045
1051
12771
25842
26626
21957
1172
14606
7518
24039
15313
19381
18064
8218
6169
14711
13243
31368
21315
6115
6913
9819
28443
6556
31814
7286
22352
14512
29238
12899
23182
23334
5257
909
16103
9686
20357
31408
30071
29054
21701
3981
12616
5649
2362
3298
25971
82
5231
29337
28296
17826
29969
18496
27440
10774
16046
29625
2065
19661
25789
26675
17138
28289
14047
16729
26912
1627
29284
7880
21776
6412
3345
21447
12101
1561
7456
16178
13940
16246
649
24504
21223
8023
13696
30791
31007
20547
24127
22723
8125
31594
6661
7934
19619
12600
4447
997
32086
16426
17318
2295
28326
28129
11209
6652
1938
18037
8780
30451
27494
30219
8337
31308
30502
24746
18775
3927
11823
27722
23168
27901
23068
12590
27671
26798
25063
1140
8337
30106
7248
4331
10835
9252
8579
29220
19061
13715
24565
1484
11462
6155
30863
26424
17680
24253
9742
18754
4509
2650
13226
8788
26361
13773
18165
24258
10490
31529
263
3421
5374
9440
15064
14917
372
32567
24813
27646
13982
24054
12855
30406
17556
10852
26168
6694
31373
3442
32359
7368
25434
2615
18134
23176
27443
7324
18962
30925
4790
12377
15434
13594
21293
1056
8628
480
6160
19735
13357
26007
29131
11916
19488
20492
26048
23013
20648
23037
32656
27349
29433
8931
1942
21462
14588
16655
693
28371
6969
30712
24404
1572
14842
10452
29606
27072
28077
12645
12591
25774
13963
11542
12676
9917
20343
19526
82
30325
26665
13796
18081
16205
19083
10044
15194
20511
28515
17936
32007
24024
17971
22763
14555
7796
13405
22962
17138
4138
3979
5756
985
16611
5966
21667
24401
10737
12806
10780
30800
29694
28929
259
30281
14146
8167
31098
12205
3066
25429
7604
23986
32533
10952
7245
15699
16176
31165
31965
16792
5572
19478
716
15127
158
6592
12904
6331
32656
15763
11316
9668
27239
17273
21123
26895
25372
25043
27974
2456
14415
8728
16419
23613
19440
31935
18119
32453
21056
27744
2940
9248
31992
15382
19454
30192
26311
5415
24714
12105
21250
4071
6457
21685
5528
19417
1420
11644
14148
21272
23112
25122
10758
19701
27012
25648
8659
17378
24832
824
25996
655
17080
21267
11309
19538
19385
18285
23111
29900
15668
10372
13232
6858
15313
17708
21880
2665
14661
1559
3104
2686
7207
18003
23047
6452
6655
5396
16933
23543
30625
17588
11003
18065
9145
27384
28106
15763
24486
13973
26116
14327
27276
15858
5376
9219
25252
11056
11761
4977
20695
26984
7705
29388
4748
14131
25914
20509
5566
17008
21070
29895
6993
12609
30839
22192
29606
15447
28729
9377
26989
15984
14567
29168
20154
23837
20059
17756
24667
11977
18154
3896
29546
503
3480
19148
8478
10699
3207
20216
25830
29644
23478
4634
24761
10984
18408
25906
15271
19385
17889
27204
20149
19974
9688
18942
5095
10125
6954
27803
2974
27647
27724
14855
3108
11853
24323
9540
12166
1826
13527
1804
21410
25776
19397
3000
24704
1968
14132
14432
18662
20900
25898
19268
31014
18528
9152
31594
10299
29384
6867
23433
16148
29403
3581
25638
18992
241
31427
26877
10603
11328
26384
32162
29208
1189
29667
3432
14159
4514
2116
10882
11400
15011
10364
22632
22121
1157
19845
21885
15837
18520
20672
10222
22886
18276
16358
29149
8372
16491
11585
20671
32374
27182
20508
19458
5232
30514
2424
5875
1486
1732
8448
10720
15288
10043
20031
30329
22566
19837
25105
15228
19190
26053
9303
15250
15676
24995
14831
23412
18137
26436
9956
27473
8783
1523
16609
8052
21203
5088
9708
31778
28836
6432
2896
14529
3996
27638
30939
24128
29700
25169
17482
9394
2477
15509
24834
21564
20796
11678
22529
11570
14278
9219
31763
7037
3229
14487
11849
14656
2409
26166
18087
25787
8314
28350
29981
28015
1372
4443
11961
7298
9132
30216
31514
7270
30763
29266
13864
950
17
2911
6658
1888
12964
22832
9528
6153
14600
12067
12603
28333
22617
11708
19729
19590
16887
8612
12365
29232
15905
21490
23103
4618
25798
12202
12648
16863
22679
24707
14128
12230
14433
20206
9180
7750
15002
7507
32442
27582
10042
2718
1694
10500
9164
24058
32402
845
1476
16348
13002
1357
7955
9284
18902
29599
14585
10816
13851
18534
12570
5297
23428
4661
27861
16465
15733
14892
5841
15093
18689
30052
23256
24592
3932
25998
5097
7801
1171
11478
8328
19310
5754
30990
20825
9944
12262
18952
9709
29904
31773
30531
19420
20579
32395
14538
5140
7058
21175
14170
21104
12445
10357
26563
23437
14466
20572
13712
5337
19136
27770
16618
19180
14944
6471
13242
16924
13366
8920
29198
13643
4709
6741
10686
14084
2337
24493
1359
10439
4281
29576
1559
15520
12500
9598
18850
13566
4346
29318
15957
22211
29271
10161
2897
16792
30396
7448
12187
8835
22759
7442
7289
29883
31236
19371
20255
17595
26740
8786
11658
10645
17356
21458
10925
26761
8737
11396
30155
30422
23171
17090
14628
19920
22727
2974
11219
17715
24202
10196
31479
26551
21874
31998
19985
30180
5815
28423
27309
2856
19426
19938
15173
6439
19669
19324
15714
11602
7948
3567
6916
13499
31266
12792
29508
12839
30103
20907
5688
6757
17360
25445
14359
19167
7775
1283
24477
20079
18309
1873
5041
25716
17653
19909
3142
32292
14299
22126
27263
9764
30237
32295
15382
1622
18657
21776
19966
32754
29775
5951
4679
2520
27800
7602
7491
18724
23607
23432
32231
6147
24439
15217
30067
28358
6453
29028
21078
25397
1255
5264
29259
12838
10717
5524
12233
1870
5063
25842
16026
30550
13432
24001
15305
24625
4841
18595
29890
9134
27521
2807
10677
28745
9619
22096
20283
3143
16937
27685
4924
22274
10240
18890
10512
29825
28883
20638
8420
22347
7132
16007
20064
7293
18841
2715
647
28187
25804
31264
7390
24484
23749
439
14288
30953
21731
18132
29777
25374
27993
21873
10434
27698
2350
24068
30484
21596
13704
4014
3633
6647
5673
25269
6807
14223
31546
26420
10822
2108
1095
27665
2013
17966
29836
4656
20736
22410
7279
8166
19452
23925
31821
10417
16558
14701
1145
23846
22689
31968
5762
5930
19062
30455
11189
30309
21641
21683
17635
8436
19153
1852
1893
31838
15368
25718
11100
29386
29196
13780
7997
6255
20870
10609
1166
17739
23753
22877
27114
30488
24061
23860
26187
3964
31868
6646
31113
17024
16764
17426
22045
18755
20463
18372
30763
11504
21415
2977
11712
15853
27582
16753
29784
2901
5173
14652
20387
28329
21211
27304
32136
32706
11120
10370
11115
1290
7947
12954
4267
13292
15033
6612
4719
21897
31079
10876
21667
9133
32002
20698
23613
29185
25308
11270
9925
30594
14162
17150
23316
19505
19628
4086
30556
28428
31044
21999
8296
26686
235
29835
30245
23443
11656
11808
4450
7982
23298
5131
3796
10878
31328
3399
19293
29038
20527
11070
13709
32732
29220
16606
22634
26957
18435
28656
876
24799
5055
8357
13260
3455
17635
6002
8959
28251
6960
7454
7805
25498
23688
27930
3270
12107
8715
24080
17319
668
127
30910
5049
27469
4085
28933
11564
13668
5801
13629
16834
5409
23339
1996
2078
11572
25020
22263
1087
17710
6395
18168
14664
17462
14785
8784
10370
17405
24137
9310
16803
20468
5268
21041
10321
9404
28683
21915
29410
989
24167
3718
18022
28604
17358
20107
29671
25543
8766
29377
31471
23795
20527
20435
5451
18024
628
9302
12303
7802
11619
1369
30170
26588
309
31037
20059
15120
1456
13511
30484
3106
6403
11891
6494
30870
22001
31755
430
12703
9521
11897
23574
22162
32277
8154
6671
21401
6763
26579
25973
6316
8609
27176
17619
15549
3884
13194
21729
24883
22569
6321
15179
27034
5189
19371
14004
23449
11739
23412
28667
31524
23901
20934
28861
30450
29685
25394
25371
14642
14700
25968
32445
12410
24906
32756
18198
9472
23359
19137
32490
28172
705
20354
29966
7085
29175
8407
3696
26796
31702
31725
12631
2238
4490
10321
30187
9981
5911
2566
16375
10393
27456
6613
9710
1995
9896
14308
18732
23307
22071
3210
895
23683
13503
27490
3558
1475
10207
27806
1176
5046
1064
12446
27720
1749
23679
450
7336
29594
24770
18556
13356
14136
4015
1449
30992
25737
16385
18209
19356
32072
17627
19084
3495
19328
12650
17016
9050
28484
32711
29097
28982
29857
7962
4272
31576
1489
11525
12736
2556
3505
24128
5820
30529
24182
23168
11668
2604
12443
3998
9938
750
3613
16373
23152
15466
32235
20492
28397
1778
920
6005
30368
8273
18260
14580
30539
27919
31258
17892
4083
22256
18987
12503
12527
29886
31674
21373
6720
24392
31209
3015
5152
22443
29684
13387
5597
8912
23212
31723
20200
15926
21032
24753
17961
20978
27575
20990
918
1012
15384
15844
30724
4235
8686
3536
5949
19500
20590
22124
22610
29295
29275
16067
4147
26202
31028
25255
23164
18402
27820
13391
1170
687
20058
8517
12015
14880
26034
32384
6330
13967
2100
32716
18843
14294
12771
15987
3533
20753
505
4886
30837
12710
28633
18140
24626
32643
19525
24527
2549
9895
25297
3202
30227
16868
20375
29431
920
227
23853
26305
24031
12136
32468
19046
26719
16855
15090
8199
7368
2808
6595
3395
3919
32503
27723
22104
3397
10159
32655
5259
2543
11815
4100
11211
19858
7517
4424
17297
6861
16963
7696
18186
15915
19720
9314
12408
15353
6040
8708
9174
4181
13670
1332
7354
13704
12393
1433
13184
25750
5988
2426
15781
17427
16747
27438
19825
31031
27299
13011
21721
20277
3657
6211
28579
26825
8694
24900
6347
12304
5665
28671
20262
30877
16357
5556
27973
1993
4100
32171
14492
30538
15149
17518
27619
9736
14202
3893
16573
11052
13117
14242
15512
32633
26876
24494
17620
20703
29882
484
15911
13389
3704
20941
15168
10696
19964
171
32426
9914
23505
14953
21492
6796
13199
28371
1039
8566
23389
15107
26871
22934
13491
1819
25749
3648
19045
11322
16101
11670
16349
13992
12116
15448
17831
6228
5484
15357
14132
24449
9394
14082
17879
17852
1999
26498
21780
11025
16111
11271
27674
20862
15719
16032
24718
27816
2714
25139
7818
22989
27165
31253
12774
5114
20249
16344
29878
14462
7921
2916
1811
12190
1829
24905
29727
19850
27255
15188
10307
32656
10572
16225
7355
22928
18772
22639
23637
6064
16493
26106
17781
26704
26309
30085
11613
4673
21567
14966
18603
19249
11545
14374
32035
21098
8651
21049
175
9149
9778
14123
27044
22200
9197
22828
5191
32288
11272
26926
400
7067
27607
2108
4910
31660
26917
8973
18634
3556
18831
11225
25232
3415
10538
9835
3308
3406
17516
14968
31121
15931
31049
16431
2496
32498
25500
31505
28103
3605
6345
30467
24008
28624
18080
15265
20411
23495
14725
18902
20150
18253
3534
6057
22380
24535
4205
32346
24053
2480
4815
20142
24781
14062
13828
32647
11550
10916
28959
10935
14402
31833
22240
19478
12931
28601
24208
30419
14118
29835
13357
29959
15785
25315
21447
1424
12360
18329
29738
11292
19398
21753
1213
18308
11369
19388
17066
25180
11335
28728
10559
29128
30400
24531
16789
30352
30028
23229
5487
13431
31095
21983
18788
29641
18473
26894
8769
308
27179
28037
31145
24536
26087
24722
26110
24993
18031
24207
6533
6613
5057
18964
15556
24041
8266
29547
18479
18585
20392
21572
8452
29496
15028
13226
32116
22852
21696
17974
21507
6717
30237
7811
23089
3511
28641
481
22106
23983
3302
30030
18651
6939
9238
5794
12406
196
8166
5641
28152
22616
7969
25526
2840
13755
4839
26070
26787
31903
32245
19139
6102
25684
14631
19323
25355
28129
24890
29264
18841
83
20951
14817
29429
8021
20941
6216
23837
28673
21663
19093
18998
32758
30014
29820
12659
683
3607
26698
14138
30979
4688
11037
28802
30497
3151
2389
30080
31869
25981
20294
1922
4663
23369
31279
19995
9132
17775
30064
28544
17736
4474
14327
2098
23963
6023
22012
17885
25774
11341
23278
10624
11671
5210
32685
13519
28235
15519
4345
1750
31156
23599
6699
11230
24579
25412
10274
9364
26952
23427
14465
26728
7743
7553
10520
26420
21357
32645
15263
19998
27244
24976
426
5055
15748
15002
17625
3973
27003
2847
16207
8277
27053
22746
14438
9845
14943
6097
22945
21674
30032
9361
20451
7325
7313
13243
3294
14979
1943
23231
15565
9213
9871
5608
17510
24125
4081
28569
23306
32619
3160
11478
5440
24391
5265
8965
29537
15119
30193
6902
18581
20643
4332
25890
3581
13543
26084
816
30258
26985
25663
2750
21743
30020
12220
9565
12042
1348
20487
20957
1705
22346
32395
19148
14258
29938
1671
13881
30851
372
27492
701
21220
7880
18758
5565
10553
11790
9185
12009
7165
28460
6030
9480
25451
17337
8349
24568
29054
6426
27885
13296
28700
15850
27579
521
28558
9888
4024
16893
22836
25963
30558
22830
31351
22881
28547
25322
15358
22745
1071
19949
22821
23317
5035
29479
11179
25893
6106
2496
24490
15879
6604
7258
9165
11795
913
25494
10685
19863
17483
10713
2780
9918
31367
7248
25910
11958
6350
11569
17589
23057
14454
27460
11412
20588
3774
29347
21781
847
14363
23230
29047
11349
19916
17825
4642
30349
31156
29818
30502
22303
31849
1365
26339
22835
22921
15915
23817
24846
7757
2331
9668
10878
30304
1527
14640
1657
753
21762
27411
7169
10247
32504
17099
12362
17428
7759
3973
14879
1486
11709
3248
17538
21562
8186
10930
25747
32009
9415
20441
18099
7464
16175
9620
5864
30611
4365
17891
18563
11882
32718
23820
257
4678
5752
5008
10800
31693
18667
21597
28563
25476
31848
17221
11014
11237
31055
30639
1189
20914
10797
20364
18923
30344
19445
28301
16407
31159
29582
15763
30164
4945
3214
32360
22552
9601
13638
18348
3661
14366
7166
32018
25007
21120
16769
6092
13301
10131
17629
21315
18739
18473
7268
4620
26879
20373
24566
3863
6867
15989
2179
12074
434
30671
18635
1678
6926
5216
25448
26377
25834
48
8719
2572
12092
5738
21011
11052
7317
12139
27178
9942
5635
21785
15732
28991
13879
4470
24505
31131
28643
2933
7923
19855
29542
26124
13836
4328
6059
5514
7400
7565
19022
7979
6566
24498
19201
30441
30499
16975
13871
28566
1216
16337
8927
28968
17254
27407
22490
26964
25543
1151
23568
10846
31206
28586
26168
11311
2521
7389
28599
25512
20941
15138
28355
9270
30028
18030
31688
16294
28091
17948
26122
22587
25639
20378
31629
6398
22593
8547
2098
18518
14502
27181
20514
26840
20580
4195
2415
23648
11706
3541
6393
15713
26144
13231
5775
25209
23431
27303
23639
16457
26338
17275
9584
7555
3045
27547
32725
19780
6669
23074
5509
25509
24288
18699
4321
6285
19830
20130
8277
19657
16184
11064
23866
25950
12776
7963
6651
28957
9954
23750
23415
19577
1953
