9336
1622
12349
28791
12460
32083
32699
20186
28707
27463
31761
9602
11892
31166
17323
2036
9369
25373
14188
25437
7072
23173
21245
17806
10146
11002
24420
5445
3833
20933
13272
8110
12718
6166
30931
7977
1329
28654
8554
8014
30797
6204
3802
25134
21338
19527
4707
10972
26805
587
16729
4397
10605
32103
20344
17083
29247
14006
25464
21808
9413
25021
6625
3521
24810
4101
10785
16888
29345
14344
25051
13751
18391
9042
27267
6778
677
2016
3368
5084
31691
20684
26768
25949
18778
23084
19850
11618
7600
9271
13696
20861
4777
16809
1868
32751
13588
1385
7756
27243
25700
13161
18361
7709
23208
14542
10804
7403
28862
12114
19362
7163
29379
12262
10554
2933
6349
14491
5596
19338
30685
10690
21157
12981
32527
7762
5568
18752
21780
9099
29567
24075
10722
5081
23978
22665
20650
6395
11543
27659
13835
6500
27002
4161
1669
5346
17279
25341
6448
13437
29974
22331
29358
4514
31758
21855
29790
30849
25318
12477
3026
10675
3040
5726
30340
24352
12886
22785
28100
6176
5713
15969
20213
28896
1624
12726
5113
2312
15238
32638
12266
15770
15328
32381
9227
14877
14053
18947
24830
9468
4198
29037
18487
27433
3479
16622
25008
28421
22631
1936
6622
7812
19725
32373
7141
13452
17891
13667
7176
10655
22904
10368
9827
6074
16096
25433
17884
5501
19535
21801
5975
19595
17383
14937
7465
20276
25293
16195
26319
29010
26242
16443
24801
10352
31857
19152
24897
14130
20420
17487
17304
10225
10620
22921
10755
23205
22209
7126
13833
10760
18806
28506
19921
27640
10001
11911
16785
20765
14762
9955
25930
26573
30545
21260
29363
17964
5029
30201
18290
8088
20387
31618
21394
18756
31675
16931
19506
29218
24617
12797
30330
4615
32642
17693
7892
21514
26509
25857
4184
45
1109
16728
8327
10303
10620
1034
9021
7168
17874
1656
23265
26759
29990
27653
14559
26337
25693
17877
600
7675
15297
9173
11544
31681
923
14075
2248
10632
14083
26831
2148
32681
30967
3114
16368
23663
8107
2877
27239
25140
2592
14038
3061
24774
29688
6879
1125
28176
15241
31783
9693
29174
20016
25446
9161
10624
12007
22907
28181
25915
19226
14583
19615
1756
4535
14559
20204
551
133
5294
25626
25871
7094
30106
12053
11039
959
280
27406
24600
7527
12450
29737
21980
30
22200
18550
29066
7825
29989
5411
21483
23931
18563
9200
24845
3262
11521
15586
27437
30386
16484
20540
1242
31165
25932
31915
15960
24612
3001
17857
21059
27168
25293
3748
1396
15925
22484
11528
15913
13247
1665
10330
5727
11214
32378
31038
28035
27699
536
23868
15690
12507
8807
4790
13790
26460
23669
4382
25914
18638
7113
4454
28119
17884
17969
31415
4232
31002
13505
1893
3490
5018
15896
13859
8545
30650
13797
23411
8071
30271
1450
26465
29254
25000
17088
13169
96
27580
26012
27862
16013
358
1616
28388
28701
6338
16980
8648
23262
9592
12167
12663
29248
10057
113
12516
15799
1767
15819
32118
32353
13578
14657
30393
22505
16320
7542
24148
171
20996
16201
29755
15641
20883
5207
8997
10845
3835
29376
20801
7232
15349
32303
10532
4682
7156
26132
28422
2090
8958
22836
13871
9561
30395
21092
2732
4091
1484
8849
25414
26374
10589
23556
28597
10149
1278
740
5904
479
6318
9981
14984
24692
14649
19135
4182
10247
25285
15242
10994
29058
6567
16169
134
17335
19835
15004
1698
4163
29299
13850
13873
30648
17647
25174
2988
6395
27470
770
22413
28650
27140
25233
29447
1858
7661
13122
11508
448
12514
346
783
16007
15497
6832
31587
7362
3953
3951
12803
8842
18526
12312
28412
2826
15329
11462
22664
32737
22572
14774
5508
455
31525
23814
29732
17524
28345
18877
26854
446
32627
27660
31172
2049
24909
2772
27054
1987
22214
8807
14391
25752
20020
23699
18831
3396
26972
18909
19121
7968
9024
16394
9693
22719
2104
484
6985
8144
13380
5178
21012
7750
2977
25641
30075
15031
24986
8858
12879
28674
417
30988
10406
18485
20126
31636
9682
32430
27783
31777
14991
3456
10289
8965
384
10776
4454
28849
10717
29984
31543
3264
6758
24995
22163
1592
16539
6002
6937
26892
24622
21703
12843
19685
30393
4905
6212
16673
1965
29583
10379
14876
25738
13768
18088
25519
17750
16154
23254
31991
17736
29738
21561
8536
6084
27163
9587
8897
2444
13050
28530
22833
8756
18778
20107
2938
31190
24379
32205
21829
5896
5169
17551
11862
26891
22210
25164
30481
12869
29967
27825
11837
30449
8375
21491
13321
17430
27128
358
15948
25269
30231
17484
25105
19271
29954
234
22099
28007
6709
21986
21509
8139
7386
11196
14166
19576
820
25286
17970
11574
15677
4894
16396
11330
21134
4877
6875
15684
10112
14230
4450
17024
7569
847
26293
21072
4873
14192
761
28882
1501
31530
19819
4574
24019
3386
26532
30523
8679
13245
11803
16146
7405
24134
8683
13986
13689
11822
8150
17718
31996
22827
2186
852
14895
6692
15908
21048
29365
9284
6899
1921
14332
19534
17790
297
15204
23600
1480
13754
28067
17626
32722
5311
11624
8784
30562
19321
18750
17918
259
16852
22707
15181
17485
25497
12474
31347
13158
2533
30543
15759
23497
6362
6745
11253
13382
9620
11732
20422
3146
14431
29999
2501
97
32551
7155
30565
6137
1072
24998
32551
28777
15623
15599
30498
6450
1464
14843
6627
1412
23617
6174
15736
14084
28743
27326
200
1484
23304
16749
25382
10675
5009
6997
31269
26831
29488
10713
14765
3897
24109
9849
590
5136
25781
16374
27093
4033
28695
25271
29213
26501
20531
24684
8744
21035
15662
15089
13678
6679
8555
5749
21877
16523
16311
5851
4514
26149
2500
11360
2383
7337
15065
4991
31774
1537
2759
3090
13452
25730
3359
3001
201
113
4258
28543
11719
1734
4857
28859
14480
17711
7335
24885
10718
26456
6459
29322
20453
6506
32714
3282
19060
13266
24476
30847
7484
21571
9510
24456
15471
2046
11064
27080
18318
27473
27768
30881
26236
25181
26895
17892
31958
20253
5282
27125
10119
26788
24708
3370
14486
6054
13866
18549
9539
31802
30175
31043
6739
222
19896
3235
10920
7868
31947
1451
19476
14124
22172
17175
5743
9849
6872
18484
30951
29672
