30022
3325
22936
17142
14842
6531
21341
27106
12748
28818
1509
20843
2824
3473
11273
475
16999
31146
27740
324
6206
15403
6148
26378
26102
10796
19401
18593
26556
22899
10092
25496
20089
14996
3898
10455
11781
7772
11232
3365
7064
10864
7297
17133
4225
306
3846
16705
25882
8420
12982
15391
30715
15888
14598
29171
21870
7463
22706
29278
29475
12136
1804
16950
21541
30467
23444
206
10509
30335
20938
29303
16502
12121
23872
5190
23472
29678
1011
7448
15289
4250
29403
4052
31336
4130
16577
17136
1004
8015
21329
311
17525
21468
6768
10185
24113
23187
5584
25955
31610
20658
22721
32480
4430
19603
74
15616
9727
22924
20344
26473
28715
27413
26102
28907
25071
2856
17630
14600
29784
18414
5583
1716
18202
9367
26688
8281
26757
4489
22803
9502
22964
12222
22637
2921
8968
25447
454
26786
3285
31190
14908
26171
20570
26266
2349
2029
21751
23532
24324
10052
19866
16970
15955
18525
19067
21345
31523
11247
4873
23600
1160
17032
23587
27243
27768
25881
11916
26909
8668
30389
4505
28818
4328
21398
20013
19828
7592
12641
24039
820
11484
21674
23194
19883
12038
16315
510
26114
25025
16017
8613
3791
15188
29736
32560
11136
13447
19705
4290
26365
25782
31424
6581
11657
9251
23938
32652
32233
10384
32207
27433
21961
20494
31813
2625
15707
3600
6741
1292
13889
11971
16458
31809
4525
25762
9350
9025
29127
21573
30735
19090
31311
4729
15435
28304
29827
18582
9736
7775
27203
29453
12735
20260
31859
28225
19738
28533
30881
17816
14771
20238
29159
30929
3359
11973
24851
11160
29227
3264
4102
29527
3941
229
21594
14160
14047
15762
23880
22249
17199
2190
6344
2630
17850
16448
29689
12573
27187
16671
31428
966
13150
16234
6844
23186
29978
26905
3401
32606
12190
25619
11526
15720
12291
31905
14951
9057
6659
6179
21407
11203
16128
16386
9153
16228
26183
22757
3365
17996
27287
23080
21261
15043
20701
6538
1672
29359
15426
32549
14999
4893
25447
13732
17295
25118
27375
10928
1470
27348
18751
29611
5969
10188
6017
27297
14709
10126
29679
6011
27837
24435
22862
14710
9412
8375
4024
1236
24339
25551
6815
26834
8517
24061
18447
29145
8809
5409
17715
7160
9127
26066
23579
10642
15399
12205
16060
21076
7214
7149
825
24170
2954
12861
13665
499
10033
12234
8568
3250
8741
21659
15418
16902
3482
6949
19485
27932
27739
3610
14295
1379
5482
12419
7712
30528
10726
11278
6841
25860
8754
14761
23725
29723
13908
30799
29143
31365
9627
9762
27556
8331
8581
28603
16666
19114
24543
18878
4633
24532
6190
2225
12257
16344
28750
11022
3797
32286
7257
2454
1407
13463
13771
25065
31955
756
3555
28500
30136
3606
32588
1514
1988
5062
764
25558
15687
26279
3165
11503
28812
26216
28842
17549
3675
18494
23964
31131
25026
17298
9031
14574
19734
30455
21822
14805
5172
6494
1790
22770
7180
19341
10122
5448
17249
7629
16466
25492
14538
7651
7001
19425
29181
322
5271
1367
10316
16255
6813
1108
32368
12549
8823
11966
13190
1546
4822
10903
1879
10690
27247
31441
13276
26066
9630
24164
8194
23047
10063
9631
12202
7240
10526
29115
21748
5321
30397
4790
18109
27266
30870
30559
102
5088
20914
25517
28375
24506
5338
24916
28356
2694
21756
7834
47
13261
5328
12135
21295
18396
22970
25756
4591
12733
26099
11686
3065
26981
24036
14419
9909
12847
23762
17124
14124
7561
15552
21603
10514
9709
5521
20279
5892
30228
14190
4597
14350
12390
9319
6777
18032
19124
19805
24374
17314
21033
5663
21194
15765
11134
25811
17877
31036
9070
16536
6924
9803
25450
17257
393
63
7821
25412
10597
158
2770
22156
9865
1664
31365
6061
30145
5966
10743
19454
22547
7370
5494
4587
30798
17487
27516
31315
3813
25434
28455
12591
30718
1354
24297
6517
28615
1636
13185
24636
26889
24602
19242
19232
12799
2701
21778
17896
23400
5968
4365
29542
5595
26991
14219
17823
31067
11952
7624
24876
27435
32280
27202
20448
5603
16305
28016
18091
10180
16779
29361
702
19273
7681
7555
496
3582
22333
9973
6753
10645
19455
3935
13661
25399
27033
6224
12675
29976
16191
6856
12326
13902
22141
3495
20979
29923
29961
20582
9940
13865
11195
3589
21781
20813
22234
19524
15302
6191
29593
31510
5216
625
28385
6227
22443
3791
20817
15277
27102
20142
27780
7909
21000
20471
28050
30271
176
22821
30937
11571
27064
11165
13053
23397
30088
16446
23341
1495
3432
12858
23208
93
18220
19492
28032
850
29719
27466
18590
18826
5882
11588
24839
19079
1436
7117
14430
25840
14686
19154
21161
3390
4895
7369
14680
21689
5726
8516
12163
23715
24478
16838
31603
2483
23055
12501
26980
3013
30826
20304
27529
3535
29981
31747
31569
8727
23976
377
8169
16035
27975
5649
15874
24049
31441
8788
5332
6121
32224
16774
3170
18192
28466
12411
14592
3582
2127
7853
14355
20754
9836
5515
18969
30820
21648
27155
19945
3579
16629
27810
315
3137
8625
19211
10858
28851
19605
22759
3961
26333
1622
12845
24149
8070
19690
27651
27225
10280
8501
18387
25367
22179
5093
7328
26710
7473
6555
27291
8023
23197
27211
19697
11613
31408
28645
15848
15211
31469
2101
24874
26448
10110
7688
18528
17889
9325
23952
26115
23174
5911
2057
8815
10232
990
10909
18234
15944
13343
15493
13507
27172
14436
26738
5646
26966
23258
1323
1743
18573
5637
375
24516
20064
25522
18237
7496
6032
30765
23018
5158
18573
15797
13331
26795
30780
9261
10332
31743
14328
6420
18840
17333
23767
15287
7729
16288
28206
8613
8906
488
23895
16228
24612
32094
27313
18786
6206
3597
23529
8494
20161
28689
26488
8936
12442
6317
31085
26359
7913
9623
13677
19449
24858
22166
23032
23808
16977
17743
26861
26619
7692
20316
14673
22642
8196
26271
22092
10871
15188
15318
20340
2521
7388
30575
24143
29082
7400
29853
1298
24483
29709
12971
2735
28855
14164
28817
30735
30886
24475
9925
31388
27331
24631
21331
20483
9879
4318
19504
7992
31959
28357
3019
25274
148
30981
11238
18456
30898
11331
676
10420
1435
24976
5603
32711
20276
5262
22731
421
20241
21716
26535
14403
2789
26260
13812
18678
21308
22139
25272
18301
23148
1241
10006
14914
14280
27650
4894
13277
11032
9716
3306
9690
13382
30010
17894
20668
21338
21776
6767
30017
1192
21703
4000
10984
19784
17003
25448
32689
27591
26788
25312
17700
284
25562
31452
11924
17886
21148
14017
9381
8116
25923
8598
29196
11020
4306
15709
11670
3344
26913
1187
1388
8661
26171
10838
20373
23254
6404
3031
956
24994
4895
2384
564
21201
1550
14408
19513
9532
23963
9332
4473
4462
22903
4816
14035
3413
27170
31471
14942
12349
21770
10895
6317
4864
25591
18289
5969
118
9126
9064
6304
2611
30132
5807
23733
21874
31167
21631
21432
13388
4551
28129
25952
24366
1498
30402
20917
25225
2800
325
3867
5323
12564
25437
18828
10383
31940
31386
26405
12048
12187
25155
13796
7908
1069
20390
9904
13031
24883
2220
14745
13685
18408
10416
32610
3036
434
10129
21564
5648
20741
22278
14293
13985
10628
18994
26257
5867
13162
23417
6167
31629
7721
17553
1808
15644
1617
31964
9771
14616
29362
20981
9829
20254
11461
28297
12935
15968
30792
17256
1008
30547
28201
1755
13460
13735
32421
15929
29253
30332
24241
1461
30514
7891
25753
2682
27565
26178
6119
27386
5425
23021
30854
29058
30371
2993
16679
23826
17880
16802
10468
11373
23128
14776
26659
8044
31073
21957
1214
25239
9007
17322
10593
6390
17787
30155
3123
14373
30530
32704
10424
27303
8647
11086
20726
27772
15067
22933
22998
5622
29788
1162
26318
2248
1276
29864
6333
13152
28227
32483
9238
7799
25560
24286
4673
14566
14332
349
12862
5563
29015
21245
31884
20620
28151
26403
28233
3083
14230
2866
8090
16091
27931
6657
6477
17058
25956
9100
11709
22880
28483
15593
22774
7423
21190
3198
27674
3371
30652
26226
2052
12131
21876
3425
11050
30032
4040
27476
22216
23894
25946
22256
3899
362
21278
14573
15274
2083
4377
9674
10476
11283
19560
16319
13222
19799
17027
29940
23988
16749
8643
28144
21195
21830
21282
16468
8284
13724
4419
14793
9403
12678
28850
22327
31104
2890
15724
15416
23854
19314
20898
16076
24594
18978
18874
23374
22638
25256
14743
9382
25047
1365
18202
1217
27612
7051
19944
24894
7144
29208
28782
30826
1642
7618
14883
2671
818
3619
14093
8904
8478
17080
9351
5624
31991
22068
8001
1916
32662
21530
29320
3070
18251
3210
27848
15307
16511
23131
23887
18823
12695
3947
8019
28960
15900
31539
22071
21248
9497
16287
16138
3975
16069
26652
15185
14008
32098
30450
30982
24626
30053
23764
23520
32610
12503
3765
3029
18424
20987
11742
19678
13975
18737
30270
1018
4561
8730
26369
3445
30546
11261
22884
18538
18779
362
31175
31623
4211
13085
22275
30480
9561
6692
31743
6182
14140
5445
18302
4426
558
13722
30267
7197
18903
7806
4920
30825
27750
7341
16979
23653
8653
14502
6426
14901
15150
18516
31200
32433
30352
17390
9489
11623
15063
25116
29890
32227
20467
16219
30348
24110
26455
5282
22427
32404
2221
16710
22274
19114
14024
11291
12881
29584
24794
16348
16490
28532
29671
1740
11920
4695
8313
10654
5057
9236
10390
21906
20038
6046
18927
19938
24456
18313
6234
11356
14885
23500
23682
5456
13891
15557
19165
25260
8229
14205
9951
2662
5372
14126
9838
17434
8703
14338
10645
12789
22973
22302
6780
4305
21426
9183
2456
13217
18969
5731
23071
19984
18946
20300
4799
21093
10660
1216
9871
26282
14580
16564
19014
13581
24695
21611
10667
7046
8788
9529
4428
32442
12717
13965
24691
17440
5167
5423
22358
14178
488
1989
5518
24326
30553
10396
23754
1101
11725
19621
27589
29275
28137
23486
1397
12441
28803
32307
30854
15448
16824
17285
15110
1463
23096
9834
28258
13254
25317
4628
24465
29675
22173
19638
22415
22661
30291
27461
20493
2768
17253
12924
24679
21513
29737
2338
30422
16850
5833
24463
12775
27095
22098
12397
28203
4274
5639
32444
23600
14348
22267
29976
12977
22533
7135
2623
20746
18390
16152
20174
26094
6581
28437
18507
28252
28154
17631
32104
8399
383
10481
6022
6326
31564
31307
15737
22051
15732
11202
2955
26055
15674
19354
19651
17694
9848
10582
22887
22247
20034
3535
16063
31703
14534
14724
5148
9102
13942
7473
8473
27082
23658
163
14625
5083
23551
3018
28721
599
32197
26128
3295
27406
17304
24553
23452
28480
30220
23211
18230
25102
8463
25249
23201
21295
17353
12122
4086
12772
14279
32327
4284
7214
4953
31622
19303
11838
2872
11512
542
26157
5996
5017
14017
28653
24429
30481
6187
28032
12681
3974
21684
3943
2437
437
30202
4446
27271
24897
10722
28486
4148
11594
7385
26211
15125
31554
18784
5831
7231
17404
24775
22798
9267
1798
12600
7244
14595
14393
11512
24644
6070
11150
30442
8155
25838
29492
6229
16332
12488
25567
17382
21916
29188
13154
18937
23249
15462
25984
8724
8287
13915
31487
11700
5731
4576
5887
6221
15379
3232
3722
30860
19445
15196
5740
5855
30800
9360
837
32055
19425
28244
20444
13325
718
9088
23990
20643
28640
21523
9192
14476
16876
5334
16425
15982
15762
8764
7723
31751
16170
10893
10540
3438
6396
835
15304
4507
8623
19893
16913
5162
1797
20210
16865
17500
14533
32496
15727
7519
32760
4838
9249
25551
5719
1782
17825
7292
20997
27407
31539
24686
14714
30482
31558
12838
5055
10803
2888
14375
18657
31139
959
181
9888
21100
23190
13021
23911
29340
10164
20661
18817
23973
22484
28389
23689
28676
400
1382
15138
22049
4286
15754
25321
27254
15360
24893
27816
16116
30871
20362
16077
21922
24696
6753
17434
19592
16034
12695
31389
203
13742
16174
28387
27929
13480
6359
30569
18247
11805
27317
17491
8505
17781
32612
5984
4355
26243
18746
14366
9293
31579
4300
30810
8956
13412
27828
23771
25871
5806
26258
15952
16326
17541
29009
30342
19978
13382
5292
28126
6153
18801
29168
7423
24097
1024
1539
22216
2815
14839
19621
28296
4360
3901
10486
3698
14071
8106
14136
21067
6088
3937
27607
31334
22998
30048
9126
19154
24896
21589
2412
27346
400
5555
29855
22669
29343
15110
9583
17671
3251
14724
519
27728
4075
13284
14607
15868
31453
1651
28021
27090
13437
22884
20333
