9417
3393
11623
18102
14896
23426
5758
4639
15660
14118
6412
75
28263
6268
23855
9649
10759
24167
11344
13286
29149
32703
27897
22047
26591
27636
4326
14066
19673
24308
10590
4956
22367
11343
5572
32520
30470
17817
105
15822
22484
17
7588
22139
14836
23935
24869
17104
29102
23651
7558
24781
9111
4939
16931
2351
4357
7045
11052
28471
2246
3830
14328
11693
20498
7498
7068
9509
6077
31822
7101
3969
20913
14233
12706
27831
31388
9074
16781
11476
11238
30446
23628
15169
2534
20825
16139
20293
25173
11991
1388
9676
3843
4171
16858
2151
28872
23160
28698
17811
5822
12391
30242
32318
26029
19720
10031
27783
21447
8219
32018
1990
3222
12881
31690
10700
4402
5295
29528
6508
10423
24372
5071
7738
13558
699
1963
402
16235
29219
2147
8412
21104
26284
8514
29967
29359
17316
5234
13172
19677
23876
5722
27565
27558
9941
21290
18165
2531
3094
29363
19625
21779
31202
3709
20488
13321
23054
19987
27447
26082
1681
7586
11143
3386
30695
12994
21243
31648
12983
21396
21253
20806
14515
5133
25745
17661
191
32145
24900
10337
14934
21700
16902
31825
24618
29085
26302
10659
24075
23996
2908
12821
19978
11517
3613
28038
4318
17485
27402
10086
17799
700
4291
12395
25649
212
29306
14469
90
23081
31554
1301
30263
13618
18058
22362
1876
32087
16868
5931
10876
843
7180
5612
4824
30620
9509
32187
12890
29577
1093
16618
15197
1043
26164
7602
25989
27479
2417
2597
31213
3098
19318
7269
27265
13222
6973
17172
30888
13781
29955
25099
12071
3947
19276
10063
13122
680
295
11328
12579
25118
22963
14100
26496
32193
226
12420
5753
26173
4477
8645
21951
31372
15465
20154
5627
29639
29992
16488
20846
25404
18338
21418
12244
22210
15142
8230
8591
5961
26284
19327
13825
13749
6749
7373
12602
23021
16981
25674
9427
2094
26279
2893
4121
20646
27809
24701
19311
7486
32082
29758
17133
4535
13642
6512
17485
12792
417
24153
25608
17062
20027
4575
15804
6134
26953
10491
5073
18111
16403
6250
4700
27604
22774
30374
14659
32144
11944
31252
12707
23474
20676
10111
4718
4459
28034
17605
22617
32182
10437
25552
5365
21992
25692
6600
6427
13960
23937
13959
7822
13920
17318
4174
13532
12244
11378
14262
30085
13427
2310
10217
17247
24268
132
18193
6457
30339
21458
19217
11199
6820
11931
22132
25246
26166
2455
24994
27880
17172
525
17498
29881
24312
19094
29532
13851
30425
6435
18022
32039
27767
13889
23138
20333
23092
4508
25566
17558
6437
32706
1468
21064
28009
1322
43
3914
19641
21109
19414
12777
29505
22003
30043
19866
15022
1641
19710
5088
26505
19218
16031
7280
24771
9443
26089
30868
1425
32019
13005
5581
5498
15579
12846
13244
24237
4731
20190
28994
9881
1917
7882
13543
184
19517
4209
29816
1963
23721
3227
8180
11404
25158
24647
13226
4224
30580
741
13723
7307
12274
3269
8741
19369
2724
29136
3043
23322
12436
21622
29391
21757
9528
1255
5801
10528
19443
134
18589
18455
26333
1434
32
29835
29383
3911
14107
16085
1146
19902
20811
24267
2880
28336
4839
24538
7334
18952
27268
21334
11647
18137
4663
32013
23596
3221
19449
11810
12315
21633
15695
16921
29326
28517
11818
29230
1182
21384
12043
29419
22143
18139
27244
4089
25605
31093
9564
14903
23143
9279
13161
15369
19268
32753
25026
2035
4323
10301
7581
21862
18367
16201
22999
32729
323
25955
30682
23580
5074
22769
14276
30697
11274
21158
29638
30653
842
29180
10953
1765
24433
19934
7768
3548
16361
32164
1978
8916
23525
11845
10334
26771
21990
6088
14717
20352
18564
26364
32506
27902
4203
28521
397
23800
30628
14726
13344
25021
9750
16685
2169
13839
31564
30795
14106
17782
13688
25052
15973
16091
2488
22807
23812
13649
4505
22757
2952
17206
12762
22424
14672
25467
24178
2778
20653
30016
24531
10211
17987
7588
32113
29680
14259
31707
12670
14576
23927
25473
18936
29312
21517
4397
6886
18201
87
3402
9695
8584
4930
12578
23243
32415
28838
572
21998
17195
32109
22504
16162
11814
6392
32536
11875
15149
17854
20593
14737
2356
17718
27810
3954
6520
11000
4853
17399
31413
11039
17955
12736
13465
10225
13165
5345
1913
17090
4072
17127
21572
29717
24601
9238
16565
28421
24001
20981
27596
21475
28666
32525
18046
30241
27011
3053
25772
14702
345
28017
23122
18979
14727
18500
30977
13534
10302
26020
399
8556
22312
25957
7693
13549
11514
20793
14329
24370
5449
29998
32437
5994
23198
8568
12856
19454
26316
14705
1540
2489
23937
13278
12375
7724
17692
28788
31142
14673
12734
1691
24647
21102
9892
29041
9326
21564
8628
15634
20570
21577
1365
6423
4304
22939
21636
29788
29129
30358
29989
1543
21352
14880
27798
26565
11054
15362
19082
9559
25969
18577
13845
25934
31498
28559
20739
3858
3919
31308
25966
4649
10817
3344
4496
12982
25350
30653
26069
32576
3737
31153
10548
21429
18112
31978
14272
3503
23870
3181
12154
22005
3914
2536
24426
9029
3393
26262
11502
23121
10904
25443
25425
12039
18964
7249
8607
11029
23101
25370
23224
32173
30224
11543
7076
30853
32244
6240
3110
24099
15599
19509
23956
25943
28186
14492
7141
5641
13906
31052
5388
25396
26161
24522
19077
9779
6204
26834
8493
24380
32606
8440
17238
24362
31126
15503
26907
15999
15084
26314
31473
17833
9385
3105
17023
10884
7367
9206
7600
18209
31143
15737
26630
11718
22018
21449
3633
15925
24866
11612
32736
8241
32594
19104
29655
18239
20115
10210
12865
25514
25488
22128
22856
25801
21204
12538
20452
28804
23099
12094
23280
29717
16038
7397
2179
12812
12787
14247
25981
29078
21805
30902
12640
13054
11007
3418
1122
3444
3695
17112
7104
6670
457
27033
16468
4108
27096
29576
31594
30304
2396
20924
3536
3694
20665
21847
23852
23568
21997
6062
19346
28381
2244
11690
11606
20651
30543
10862
20767
15698
13970
13625
20029
1971
17277
13966
3389
20473
28702
24723
16058
28447
12564
5816
13430
15283
24391
30872
20649
3033
16854
5156
32664
6290
29777
766
28522
9790
32041
30499
31287
5728
10340
31437
30307
18082
31381
26520
24874
24857
20492
22755
6011
457
31818
7545
4362
21868
32184
27761
20897
5487
6552
24914
1206
1342
29755
891
30531
21697
31092
23746
25554
3110
10574
25436
17623
25826
7418
15101
8515
13298
22539
4415
1878
18791
14822
6472
10677
26913
9075
27303
21180
16603
9497
18304
8725
32616
18666
3561
18570
28987
19738
22675
13847
17965
25270
4781
28228
25723
17554
773
30386
27918
14980
4721
5107
21760
23759
20845
18590
14427
11234
261
19107
18980
20547
8950
25309
1432
5830
21776
27366
1205
32002
31710
23855
8188
25093
137
11088
15222
12103
9722
20124
25845
3549
14655
18169
10140
31727
8496
31727
14497
22124
4434
13310
24914
11004
25595
5685
19030
26167
24503
27136
3126
12820
27627
2370
10524
6308
30904
14499
21466
16128
7714
23084
10285
19584
13938
11793
14403
21037
30680
5581
4988
18041
20821
3444
10862
26926
3800
20293
13355
9125
2216
21887
30918
14648
25089
11895
9491
23545
6914
22246
2991
31141
31175
3719
30528
21715
3794
23266
29182
15985
22703
11362
9843
881
19159
22958
15742
25280
15318
25910
23966
8056
32425
16652
12141
854
11114
1270
2923
25966
23343
19137
13565
2333
23343
9432
18102
26944
6950
25365
13268
17315
23291
6614
782
30909
23456
8020
9869
5018
5947
29488
5432
3608
17539
17487
2356
9558
10604
2280
1963
21098
262
23771
5581
15186
30882
6725
16149
12333
2104
24657
20686
2220
10757
31825
28373
30147
13688
26893
26016
7076
24911
22618
23935
2029
12542
31471
21282
22560
20816
31349
31068
9301
10320
23005
26662
555
7274
12278
15591
13316
22222
28735
4083
22642
1301
13818
25425
11756
24103
17793
28353
16070
28252
14301
27901
2400
28385
1173
20032
30877
11358
24004
29701
16534
16597
4718
23057
29584
9422
27412
20659
25388
23473
13446
11339
8670
16243
27897
3593
14496
12148
18265
10743
25832
9896
30945
11834
29399
31990
1256
12181
1971
22493
31486
16174
28823
3677
23351
3477
18793
1045
5319
16130
4109
16297
21199
21726
30680
16486
2935
20613
4424
22313
1341
29515
6642
1660
18061
16317
2235
11779
9105
8233
10827
1303
24138
22112
25023
10416
3296
6330
24990
16520
14902
91
28943
32637
29890
11445
4425
823
16284
16462
5962
22284
6612
6851
3532
7712
4105
29710
29557
10449
3127
15620
10574
31058
22481
26913
9590
31637
1040
1416
15896
29807
11402
16710
8346
27639
18438
19159
18711
5935
31631
9963
3600
1254
9159
25706
5214
4572
2174
20917
16235
26664
28291
5935
29090
3543
31674
23292
12580
18134
8559
21000
1213
19986
234
25163
7446
10717
32324
14924
7724
8084
30073
484
7424
2686
17853
2117
9617
6648
10004
4922
23815
15055
32285
13233
5169
12270
8750
17270
24113
7737
18854
28737
32630
4024
4223
30707
18667
12792
19747
31261
13166
21422
10113
706
20356
26014
9823
12894
23883
699
9970
10022
8368
17296
29356
2962
17889
24798
26453
28185
27142
27015
25949
17979
7212
4010
30833
19141
27265
20752
28236
32081
20423
32455
20432
3852
5379
26636
28757
700
31605
11375
1857
12289
17101
31025
2008
3034
24476
13809
11094
23148
30217
25735
24891
11775
27845
14385
6631
22346
11329
10221
8038
10992
24094
37
28813
16458
16613
14225
21062
3431
25592
2906
2856
1105
24520
9851
32075
5522
24137
22637
4698
15351
1955
7939
11753
30100
10027
1939
6665
19976
7313
11094
8730
24067
27994
19217
20449
25605
2705
19957
32475
23144
7866
10180
14800
11936
30728
27190
5802
32194
25296
1435
1160
31299
2108
31937
16399
24322
9540
4120
25088
5001
11738
9236
15376
26000
12389
26323
30708
31683
3441
30976
11451
26054
22437
7671
24160
28021
28661
14122
7072
3440
12825
3779
11785
12503
17725
13707
4180
8274
25850
30730
7924
16469
13957
12016
14063
1186
32294
28339
14061
15631
18668
23162
5774
8073
24224
7738
2049
13145
4087
21534
22483
422
13579
22829
32516
12091
28684
21799
7008
25483
2099
31151
16908
8434
28920
15535
24672
29246
20869
4601
7924
4462
8298
26666
31486
27578
10130
27860
2523
9939
1142
23516
6891
2923
30864
24096
11170
30968
7699
15197
25052
18101
21721
25425
113
13802
31645
4636
2570
22894
18794
5100
1587
5738
23379
27609
7345
8799
19045
25102
31509
8811
24026
15658
14481
20424
11663
10982
11275
17813
18617
7159
26736
23513
13523
5942
21323
13253
22747
18430
2454
22841
10429
19413
1743
7562
9488
847
16975
3971
768
27184
14040
13481
4235
15057
2157
26563
10481
24773
15462
154
19813
32443
14275
10494
13833
2982
30657
777
28441
19228
14507
1192
22118
9468
32499
11350
3335
8276
13953
29483
12619
1410
23627
8214
29938
27545
26150
24679
25500
13574
23771
18832
28033
16243
23678
10284
2659
19179
28411
16448
2241
23615
29938
25281
23886
7849
4293
31831
1697
2224
18415
353
22830
18507
20119
23353
18293
14921
12644
15033
31353
28912
20884
29694
20084
3557
26440
18283
1993
29516
32290
15345
21562
4143
8210
28302
27739
19492
8813
31508
26950
22058
18752
25132
8849
23253
13539
4250
10365
26027
19921
27587
11888
29133
8886
1900
31142
28122
27850
26820
10275
14096
11870
31397
25580
20404
8116
5911
22134
21684
24084
18966
28767
30348
4380
12693
22876
31078
31320
7874
7283
133
8979
23692
25706
10467
7276
16226
23679
14105
1452
25150
2393
23680
19670
13539
11839
22422
23936
16227
4744
29603
12770
16099
15186
11164
31277
32674
28023
29767
19998
6200
3005
29088
7378
27164
9549
7036
20188
2921
18535
5484
20117
32226
27987
15844
27315
22323
3483
14492
18205
15994
15223
30775
20478
25349
19849
2851
25368
20573
29386
12224
9052
17284
17093
29636
10935
25980
7683
25310
3630
3848
29382
2201
26669
31159
14842
18820
23836
541
16488
22416
20020
24420
4141
17849
11921
29700
3690
32488
11912
7118
8510
9240
12602
6959
29169
5560
16489
5043
8050
11345
29323
8648
29956
25705
30493
1989
31028
423
15674
2602
26894
27960
26732
24873
29584
21360
1986
25446
18783
17589
17187
19964
21689
23961
29409
19904
11691
14918
21905
11721
7812
14623
22555
20272
19593
20644
9229
19988
22762
31894
26677
30689
3573
1628
3950
30418
27786
11430
22970
22197
11727
28240
2961
18159
3364
31881
10105
15807
28250
6196
26071
24775
13343
24206
24325
22216
23229
18706
7076
26285
11013
25754
32564
1995
6533
966
16610
18279
9730
28833
26272
10104
20258
24962
30331
23215
28264
13617
21033
437
4197
14923
28898
19892
7469
1512
27506
11288
25865
7546
3723
24471
25963
30713
26463
10862
23079
6717
32366
28142
28383
21163
13469
25400
9407
22547
30345
20805
16491
20441
14874
25641
21558
32595
31323
2456
14997
11379
9609
30377
5331
29094
12650
15066
8710
2299
18911
1108
577
21128
19901
31089
14859
6666
3545
19324
2576
24523
610
26296
28439
10441
27252
25507
24116
6676
2537
7547
4415
25464
31091
4610
30596
15708
15592
28287
7868
32234
5084
28165
10301
2416
14453
27895
7789
8710
123
21964
15996
23154
5295
19216
2643
12360
12894
12971
14023
4438
11061
1638
18963
20542
5975
3499
32389
19557
28077
25740
15735
20748
30333
29704
18049
28605
19519
16265
22253
23017
24236
11184
25963
32207
11287
8789
17926
27295
9472
14282
19031
16352
28135
13664
12793
11279
29534
11565
32573
16009
1122
31500
1054
4267
26347
22244
15223
2615
6850
23598
17011
17657
16019
10929
1605
21419
19267
1168
31258
28695
6531
3463
26956
21627
26022
3954
14809
17457
17839
26639
13075
1935
17839
1028
7321
24333
7758
2852
18821
12709
14759
8686
25575
31360
31321
25686
3187
14798
30938
32201
8822
27894
11023
619
18447
20975
10778
28067
30363
31213
2676
27097
14193
28481
31291
17790
21712
29306
6605
14669
5909
4817
17045
25553
25137
9668
12325
7720
18267
25088
16261
3590
24322
8580
14539
6397
32518
3844
22252
7419
8487
17035
466
4628
3518
4453
28335
31105
7851
5436
6800
15849
11918
11905
21301
26848
2106
1550
16928
20910
27238
21001
11756
10577
29606
25099
26080
1989
2714
13953
3012
24194
5733
10067
12275
29767
7009
24004
29618
19990
4114
9626
9664
10623
32344
22910
3375
27682
17640
28325
22129
11376
3324
25520
22198
14257
18506
5841
6518
14667
19251
18224
27721
26433
22334
17805
23807
22522
10692
6182
24045
25924
25325
5595
1157
16536
22747
15504
5674
7328
11044
18131
22338
4086
10886
17598
20620
5423
26838
15391
32435
19480
1338
5079
8228
24639
2200
20096
5405
14517
26190
22611
1543
21779
29988
27720
17414
31675
29822
21630
6094
7520
29143
2526
29368
4553
8810
30460
13845
4561
1330
25149
1218
4787
24853
17215
21245
26244
29533
1909
10358
17921
25191
2578
18601
10123
18591
17193
13676
1904
27564
29202
16324
1388
29671
18191
6909
31600
14354
20527
9722
29089
28999
11635
24265
5028
27438
20528
13434
2841
1139
18868
11058
25445
4983
27948
1659
23221
838
18630
28126
17472
15562
14866
16308
24524
12350
8622
1593
19059
4836
31266
17122
27815
9467
22025
1009
2420
5100
2418
30790
21253
19652
645
30072
10346
21222
5482
9252
24728
28418
16230
18053
18097
19009
9543
19781
11142
18882
20739
11923
12379
15946
29340
13174
12010
15415
10310
12129
25258
12214
4556
22023
14160
310
13104
9072
24726
24093
27282
2637
7996
31161
32082
23689
22349
23161
121
8736
23460
1885
8277
21044
4782
10667
2916
8798
22642
30436
1140
24642
16846
30454
24583
2406
9475
31411
28924
5444
2932
22146
10348
9629
28842
13652
27859
4369
29340
6106
27760
31725
22317
21494
28398
29508
2807
10351
27203
15937
32071
14568
24281
22971
32104
1555
16107
21002
32037
13858
25907
28441
23689
16766
24258
26301
8937
22460
3119
2373
18725
4301
24051
7251
31018
15988
12308
22506
26299
29181
2305
14791
9586
2605
16317
8949
8193
23925
19776
29596
5310
21610
19739
6426
15199
2170
29018
16980
30721
15063
28078
11854
16240
14264
7628
18682
4258
31169
27408
2638
10116
8639
13670
19353
19706
5785
17258
1815
26656
24964
32206
13763
13527
6773
31228
16236
17277
30940
6141
12555
9723
23695
14234
11604
28165
25348
18625
19339
24733
23748
15146
22681
729
14108
4409
11871
25575
11798
6695
5450
18510
23208
5981
25640
6774
28970
20768
21050
17515
17421
24179
12170
22238
24267
9273
30590
8557
19738
20379
29102
8228
25189
20393
21747
25155
5500
4676
8384
20033
17547
2107
8374
26386
30025
13492
20082
30374
25969
19406
1450
16818
32630
9348
15992
10418
1907
469
16885
23087
5216
30497
3338
31293
10636
27607
21891
25417
1095
589
25957
25617
29151
26095
16514
7924
16847
17564
18506
28268
10290
30541
20964
29401
9342
7672
25214
11648
16494
12980
1505
19667
15168
22557
29512
3571
29985
26362
29810
22387
12006
32541
17142
29023
29180
8075
20439
32380
13474
2525
10584
6866
3669
29926
29457
17256
4236
21142
9283
27471
6054
11550
105
25057
10273
24405
32271
28235
11276
11355
4071
17481
9407
31356
1050
13873
9417
13655
28124
18483
9770
6975
19779
2271
4291
31201
26969
21223
1290
7719
4208
23591
16130
31581
12981
13794
9579
19859
2824
8783
22837
15170
18955
25428
22843
14898
30585
26257
3630
15258
32186
29344
21199
25482
5044
14747
19554
20358
30947
29919
10079
12403
14252
28176
3178
15288
25070
6494
24965
14237
31707
9478
11141
9974
2310
8731
9154
22534
28604
10886
22035
23198
9880
10316
23290
8581
24658
8719
539
21276
10712
12504
243
3394
11936
787
31174
8310
5948
4315
28377
1595
13871
25976
30178
5825
30463
8742
16317
16833
17291
7704
18528
20137
21407
18365
17169
26617
6854
11074
5847
30189
18527
16984
32558
3164
3571
28983
9470
28640
8134
21731
17358
30263
9132
18094
12085
17897
542
14590
19602
14635
19853
20816
21757
26628
13302
25469
29566
7598
11959
12860
4988
15679
25761
6377
29560
22921
29262
645
20475
1086
3253
20989
15052
6232
12795
8111
29287
951
23693
28714
19883
21516
27755
18485
4051
2807
15047
16916
14503
32108
3022
2054
9459
16987
21190
22546
4921
29840
31833
29955
24739
19416
13104
10418
4667
20837
21188
15235
32350
13171
31857
1330
10862
31788
717
31440
12488
12233
7991
24072
17142
5627
9651
29095
7205
12937
10997
22364
30681
12602
20667
31419
24799
18677
11360
11656
27780
23079
31662
22835
13828
19557
7157
27039
11845
28499
30553
21799
5061
25284
23664
26083
9937
18978
29709
10279
28153
20241
18774
8781
7872
14159
6173
14773
32408
4574
21869
26889
20493
16230
9826
11206
8256
22997
14654
17144
2199
16200
13498
14149
14515
17454
12698
15404
23714
20650
29316
22671
13142
27962
19986
30831
26966
663
32550
19448
2996
20700
20350
6077
10047
25065
20616
23108
26617
31498
5751
27333
19660
20948
10646
29999
17272
2128
8668
30572
16592
13404
8385
9190
10534
30285
7505
19786
7428
25305
13951
16268
32285
17461
32699
10795
16514
30330
31687
32694
23577
25421
14790
28303
29260
24767
18582
22255
31742
30578
29791
25130
5059
21502
620
7988
12368
26514
24378
18532
25392
31711
29391
5753
28601
15921
3917
17627
20031
1503
11719
11043
28551
23014
27987
4060
21630
31185
2145
6283
20011
28124
13387
31470
31203
25176
7981
21378
19900
21073
32758
17735
18756
17775
27839
18119
7794
9498
27484
16469
26332
27873
28721
24467
14635
14877
16199
17463
13004
32465
25504
27150
18921
23509
12487
29761
31640
26164
682
15831
10834
23506
12204
21371
16550
2898
24823
14975
27694
29494
17679
10530
1219
23624
20653
5134
29677
29497
458
13605
12445
9609
22778
28541
8991
17830
31995
13481
1354
14936
15502
20283
4858
15708
25221
13958
7872
27984
4126
20393
24279
14031
4495
16329
1626
22748
24802
13213
32437
2180
19203
16432
21850
30655
27416
16610
12725
17304
28688
22192
26465
3469
24703
27830
30876
17465
20649
26098
7416
24368
16092
22603
8276
4651
2564
30930
11787
15205
13945
7495
23659
4420
29979
30431
3177
21308
8353
27204
29074
497
9518
10462
22085
25243
1573
28497
28704
20911
30271
3399
22712
10428
13787
6767
32397
15250
11157
31942
8765
12458
27417
9237
13303
14530
7738
7866
9523
27080
1086
27564
672
16633
31612
11706
27230
4170
18730
9235
12910
23303
4976
3083
21351
26042
16832
20508
27498
32078
14186
10283
27991
14708
7275
3853
20545
15942
10374
12618
21280
16682
9367
14625
10438
21754
5667
7116
8213
16738
18739
19461
7278
27017
11363
30152
29292
1523
13110
10075
31955
13734
12972
2956
32195
10891
27671
6458
8242
29976
14890
23574
11673
13100
5203
15019
19436
9786
23627
23964
22480
29866
10731
7213
12041
6780
2369
4613
32561
19759
24291
16947
27824
22241
26243
27502
9704
11447
32708
29089
14000
17535
15692
167
12292
28052
27162
19538
30714
12546
31002
4531
22008
31979
4855
15765
3877
7978
13873
23627
10013
21301
7535
13996
6377
26440
24598
16475
7214
15552
282
15180
19108
10181
24597
13443
14794
29227
16534
15903
23769
1434
23483
2712
17142
237
12290
19781
1451
15577
860
1057
31640
975
19331
3790
870
291
28814
14042
31485
11117
7619
3394
14071
11824
5292
16692
3668
5817
13933
21529
20079
18506
14164
20179
11056
31608
12466
23619
32644
19666
1257
27919
29194
7875
18887
18594
21008
21178
11538
12148
16573
7559
1892
29323
31375
31497
4409
9282
21769
1286
28231
17993
17573
12634
782
6381
32528
15188
18607
28569
3478
15453
4865
11933
25563
14298
31970
22063
20173
7764
28363
16047
20438
3030
29608
27184
14422
17815
20454
3891
6480
15065
3789
16565
23396
3345
31248
22381
4861
25416
12194
79
25803
3265
18892
5204
3700
14044
19837
7549
26502
14906
21217
11542
28337
17186
7220
26424
14131
22820
3801
26513
19091
2556
17062
25447
21138
15289
7043
11483
8031
27166
8499
31595
24074
21320
2417
7611
4923
22417
10303
30869
11812
4277
14971
30510
18356
25651
16051
20651
25101
5366
20538
18147
15417
6197
14459
16999
3608
12696
10894
28608
16541
6812
23817
16887
30266
14648
30233
32347
30617
10689
32209
13694
22669
8203
19137
19841
26952
25553
7371
401
18382
27734
23090
31410
9642
24397
8948
26043
5599
30454
11866
10914
30497
5003
9933
10490
20037
31706
30699
7610
9463
4403
17114
5696
16555
31364
27868
5270
17878
2755
31780
18675
7005
26252
14057
1157
8781
11532
14520
18797
5582
10269
29198
7180
10066
18354
17958
31101
11026
27766
15120
5986
26811
17840
28675
20708
25700
18026
19956
25845
13252
30162
9831
27096
13218
7904
13446
6628
12684
9017
13424
23941
24012
30036
1235
13955
6552
32219
1725
28807
30089
28756
12207
15067
29775
21248
500
3953
26018
15875
24368
2855
28027
5574
26940
6985
2949
17562
25905
9303
14030
14238
21699
1545
25027
8930
14801
8337
31323
20684
14393
16160
14994
187
2545
2987
23833
6379
31060
28655
2636
12185
21945
1971
4452
12135
5706
2125
16878
6913
7956
16743
31100
13313
23642
6915
14746
2320
10287
13501
23043
12110
11844
2640
11029
10997
16894
16732
7299
19257
23243
1127
15434
32114
10935
3873
8678
23420
826
20460
6597
31070
31828
17051
9468
13867
4572
26746
8505
5158
11030
399
11512
23593
16515
27424
7162
4168
5117
18294
4083
29105
12035
21216
2436
7638
6993
2554
1384
1743
2483
1326
31218
19193
23324
11644
18615
12260
16370
11895
30856
17516
25005
18832
19363
28197
19104
28311
1577
26109
22
15743
30931
26652
673
21858
9185
6927
10415
5316
1620
29222
1886
12060
27997
3866
23954
15249
22549
26355
13636
8449
17262
11817
12061
839
29290
20490
11331
5566
1675
30043
19059
30465
31882
24130
26192
31221
24908
4964
6138
10
21265
12874
24035
18621
8943
22793
27102
23138
10879
29986
17529
26656
10710
31143
14989
22845
16822
16543
18707
21915
24070
7084
31545
31619
9344
22507
28342
8866
15274
14620
29274
20561
32263
12291
29417
16666
28046
20493
10793
11127
31579
18487
17466
8156
30629
25388
28454
10744
15856
21165
2233
5945
29059
18998
24211
1678
24093
11487
13435
9584
20708
21120
1270
15907
32158
10264
12312
31545
17443
12144
3227
1113
27154
8699
3886
22590
7364
15105
31759
2050
20350
27900
22236
14237
18923
1603
1191
1961
31433
2277
21576
19560
25314
14808
24823
13831
11326
11091
794
20004
16791
18040
17243
28303
31245
6198
1022
5453
11547
25966
21617
14819
17098
19028
8997
2001
5156
26905
16797
8796
12268
27591
28357
21904
22412
23916
23428
22662
18511
7802
23956
1251
9424
30830
17554
10145
4787
5296
1361
20242
24722
23226
12148
14881
18490
31101
24892
19676
8472
8192
11678
11823
5870
10571
10393
29426
14538
16259
3526
31271
29753
14934
13617
24188
20664
15514
19047
8472
32619
21808
31184
29075
4882
10031
2111
14150
29752
23870
2248
16326
26029
27714
9426
13995
11575
26938
10860
19094
13445
30310
21733
9074
13924
2991
918
3577
19510
7747
21251
122
28575
27520
19491
23770
17537
27411
7675
5082
16171
11361
5490
3479
31437
8998
18272
31575
21551
10075
8424
30338
7331
11358
21000
4335
31033
29517
18030
14945
16945
15538
8333
8018
30390
15718
27377
25839
6345
23215
29647
26211
1403
29100
1761
22360
7519
11763
31088
28603
20799
13176
15539
1216
26382
8113
27223
13095
2846
9719
32607
32445
403
19248
14638
2853
3096
1195
18658
20952
22480
15947
20708
31083
1935
3048
24765
12817
11851
2546
25388
15200
19917
12631
12917
30552
11692
8871
18171
11937
7804
11383
13329
27156
32067
4355
26382
1405
2860
20247
23711
24479
28032
29231
16482
19321
27089
11741
10928
9928
12921
18539
28858
14797
22339
6337
15063
17488
11879
7050
21788
23525
18876
25491
28206
32622
19497
26995
14420
993
13148
32369
8400
15948
27071
26274
4464
3862
13480
24146
28768
12935
21201
3749
21058
31370
24327
13694
4736
21938
19238
1184
17889
18300
1860
31764
15195
13780
10541
17354
32553
12250
10256
18563
5149
4581
119
8173
22326
10952
21628
30736
16757
18005
23610
5610
31725
16672
14979
10070
31258
2438
2513
27699
3699
12781
13694
31425
11586
30796
29495
9038
20916
26351
28846
14099
14636
29300
2447
13913
26845
14618
6582
10720
12696
18235
16287
11136
9698
1302
8989
25105
13898
12754
5199
29833
26618
4032
5840
14436
22923
9697
11567
8009
2590
15016
30879
10218
5800
27648
239
22060
24973
2193
14524
30344
22641
3647
4581
12464
19530
29172
13887
11638
4026
5280
14474
21482
20381
2430
20900
25027
23006
4504
32253
25345
18062
28813
3915
19664
14135
32402
1663
16302
8301
7095
18935
13520
20903
26732
3061
6850
12109
26435
30032
9551
21266
27639
26729
21664
1668
31662
28769
30632
19425
635
12425
11711
26925
551
26650
11148
10625
7729
24103
18217
18598
10515
18895
3970
15587
5831
2743
29438
21266
30858
17848
14690
20729
26080
14804
21746
4568
30424
24943
20185
20799
13201
13243
21194
6178
7421
6773
7656
47
13029
28623
21731
16735
6957
6317
1380
15820
20058
3859
22188
32706
27985
28894
11640
24088
9313
26291
18215
15041
16260
30518
4126
3998
21474
6780
14700
15766
8855
8642
20906
20969
6326
18271
25893
13761
4238
31479
26944
31755
14380
15858
30483
16772
16673
9260
6488
21271
15749
19694
12680
3686
20027
26654
14401
12455
1655
7090
23787
1969
10366
23914
18587
14678
8109
5311
2103
5364
23485
6423
25052
9031
28997
24634
6524
26753
9088
28937
26828
3229
15185
28270
11869
24048
20356
20111
6152
25089
25175
4679
19600
26778
30777
4310
22659
21791
3025
11223
25185
4639
834
32627
27136
25385
2734
25301
5935
2273
30713
19677
23450
27474
7119
28953
27630
16006
9192
10481
21565
21844
29322
32033
11171
5754
3920
25453
11050
18412
5419
1167
11243
9323
16806
7797
20598
28504
2414
22185
23924
31435
22033
4369
1419
21472
20742
7896
11394
2385
24558
22956
26022
16458
13849
32554
12652
2936
8012
24726
15959
14436
26561
15056
12572
1791
1392
19075
14341
32637
26253
28832
28051
23143
2386
31499
20071
12012
16638
26004
18018
23417
19486
10024
6412
23689
8203
24392
10546
1469
3508
30651
25556
20783
9117
3712
21054
14596
28968
15367
6004
20288
3860
2465
23763
2014
4419
11316
29174
26913
17856
22323
9175
5669
25856
15309
3894
26553
5992
2149
29247
1905
29712
31811
16743
16630
23751
25481
919
32161
23383
3944
14732
7752
25610
7827
21630
10072
8556
10740
32767
29476
11603
10655
17191
24189
23325
9732
15598
9091
30521
2408
32729
22202
8169
9622
20697
14945
6981
16849
19824
23551
20100
17678
15637
12350
14967
20576
4570
8444
8534
23988
23628
16800
14783
14014
13978
7594
4860
22579
27386
21903
3717
5433
22857
32195
4805
3868
24561
29719
23329
21826
19472
8005
2359
16737
5335
19657
23395
25583
26160
8435
11400
5338
16035
19771
8461
31866
9338
212
9509
10436
13859
18308
8276
704
6615
19122
559
14397
4217
10433
3171
28099
12225
22172
32248
19657
1945
16274
983
16936
14023
5989
4746
208
13005
4765
3396
7353
18189
31010
24097
21021
3889
18186
25518
19685
28874
20400
22444
1121
22583
5894
4881
32571
15561
21804
21328
5038
12325
22593
25818
30707
31977
14457
22245
14076
6290
4719
7276
23909
27805
15293
15991
29352
15084
9675
924
4752
8556
25316
12486
15088
245
399
18229
8596
19313
12828
25542
9848
32065
27261
9077
13880
17884
31831
12576
12488
9145
20825
24718
10341
30576
16845
31407
3275
21020
14700
7973
5801
771
7799
24324
1874
10361
12035
29910
4277
18433
18581
15843
31119
12726
19950
22703
20959
13033
7976
3267
19355
23564
22530
24496
2977
24014
18553
31570
1776
16776
23448
18770
16408
216
24720
26606
30959
16523
27147
23549
11398
12993
14270
9261
25947
25675
24125
4496
17360
31064
8468
2391
18652
7505
13075
5085
14593
10753
20713
23783
11134
18937
27125
2346
6597
6707
19288
1293
815
3829
335
12465
30959
8184
25280
3374
9797
32714
31506
20256
10484
25201
17986
31331
19957
5969
29491
27418
1645
31312
8262
28662
10461
55
17963
22965
21144
25179
17655
9192
32123
11646
18294
6906
7640
14320
28866
9070
23731
17145
2068
1640
16945
19324
5851
26479
25677
19924
11531
18289
28109
258
16312
14599
4468
19722
21987
10747
15738
154
30612
26120
9017
2541
4905
14048
26409
14063
19693
17780
3342
16546
27884
8303
29808
9664
24326
3075
31052
6306
31043
32489
3337
1120
31846
28835
23469
27962
709
23813
20817
12342
20823
8435
5075
26123
16143
5228
17610
27966
9832
1480
8127
24459
5442
31293
18586
30342
12012
22440
24154
9090
29826
23434
9737
24242
26489
849
25071
29070
14968
18906
10503
16504
1129
24115
21167
22432
10705
14245
19107
16165
28764
10994
24876
23165
28861
25819
27541
22294
23220
28133
18655
28221
16240
7005
7862
32320
22040
4506
25251
16079
28325
15234
