27204
5287
26601
7252
17457
20011
30905
30733
13255
28519
23632
12717
11007
10685
10387
18768
9232
24279
1945
4995
26854
6726
23228
8199
28368
20073
5104
32210
6777
22673
14676
87
25
4194
18183
27143
29676
26237
25405
8216
32484
22108
6290
19333
2971
12156
2718
2902
24459
31170
22729
7201
13441
31000
9056
6353
1615
5207
26345
14502
26817
9065
8628
11901
31187
26799
30643
3410
17441
14752
18571
22019
9631
6835
27627
4694
3722
21119
2077
8510
11423
14369
14043
6234
22154
16607
27747
24255
19361
4363
21710
25847
7122
5161
7069
7753
19418
24660
20885
7995
2488
26845
25805
1366
1378
17462
24325
3113
16822
2318
24121
29585
29107
1726
31606
6967
13801
23780
5101
30553
20014
13901
10310
17102
5011
11033
17974
4676
20119
3609
12372
11469
15770
10620
14376
19866
24468
11947
32389
13061
22278
23921
3609
7893
31025
9823
1091
11198
23943
19567
15396
7208
351
18919
12281
1586
21484
31872
1192
245
15984
23752
29592
14093
31917
17605
1734
598
22940
2523
23318
29939
9314
28143
23783
29589
29056
11213
13033
17657
31818
8903
19251
15027
15514
26015
16016
22315
1221
12456
32282
5349
15310
2855
32523
13061
2010
6143
22735
11026
31972
22926
2398
13306
9138
27858
21448
30294
27912
32720
27921
22000
25883
1846
27456
29826
15176
30527
10931
20929
29190
983
7605
11418
19226
11264
14931
2492
17418
5236
31339
854
14035
30091
8709
17954
29406
8288
16358
24482
25137
24367
7267
16810
3811
13570
2676
7966
7378
16525
20233
1533
2968
18006
4769
23198
21690
9753
4376
6202
14883
16234
31680
31403
22737
2460
16820
30067
21455
25314
12905
7168
11107
23220
11910
24367
5256
31604
23286
17422
25758
22354
2619
30694
25953
23661
20485
25977
9496
13370
29443
12168
5902
12842
12537
13464
6214
5511
2323
32758
11371
8863
121
19449
1798
22309
5411
31111
13556
15828
21231
8410
31254
9557
16112
8068
14154
15971
3337
18353
27802
25901
21435
5293
11188
6652
12860
2214
3738
27925
7369
6066
1691
25057
17212
17428
6018
3403
17889
20411
21261
29546
11398
9995
10401
26720
21457
26848
23867
30850
17623
12240
16298
7097
10985
177
27900
14375
23473
603
14646
14350
9599
25263
4168
14062
22493
3289
25407
2542
14953
5329
30141
10109
26084
31784
8102
12857
13190
13313
22301
11024
13972
94
5807
3749
29749
8349
29645
25077
19842
24898
31104
29242
20444
31478
7000
19472
24450
25296
21670
11734
28770
28628
18410
31063
16688
31161
29327
26793
19638
21744
18646
2646
25963
20449
19985
18618
12102
5496
32017
172
27604
6368
5345
27489
19593
28302
7605
24460
16212
13954
14877
11722
26997
31689
6270
7230
17555
11591
6339
17784
4617
5043
31312
24220
6274
26851
9783
10432
24517
29770
27055
4501
24274
20671
13506
18250
20525
16255
12613
17325
8314
11382
17933
4756
11082
18362
23136
22395
14901
22617
28074
22126
31273
11348
22385
1066
23297
18923
17291
24959
3417
17947
16015
9720
4769
25702
26249
32190
4977
25554
5106
24250
28700
7476
3807
14586
16264
22190
