31618600
34405600
38117700
31455900
31425000
25903800
26502900
26799300
25452900
26790100
26215200
26246900
27378100
30985000
27181400
25747400
25727100
27031200
26297400
25997200
25405100
27087200
25640200
26102700
25820400
26272000
121007200
101641600
99248300
97746200
102105500
97783100
96645400
106421400
102507800
93403000
85671000
86737800
89889200
87856100
93995000
106997000
90391100
86202800
86827800
86835900
88625900
85725200
88549200
87236900
99115200
89763400
209871100
301708100
197787600
194431000
171903800
160729100
161213400
201097300
162887700
166268800
163815900
173796100
160326100
163737300
160075500
177916000
193015000
189893000
189762800
189910900
212314000
199730000
187498000
212398300
194727300
195456000
385827300
425023100
410537200
432569500
409917700
544516300
399956600
399071700
420681400
416710200
417133900
409383200
382191300
420082000
415194500
382223200
378972400
420114400
403470500
394860600
462081100
409400500
424119600
656376100
389221400
405884600
1137337000
953573500
1067162500
1038489800
1035530900
936216700
1302119300
1038254800
1061091700
1067717100
1003605500
1019759000
1173478700
975331000
975110000
922038900
983477700
958135900
1085191300
1069784400
1282010700
1018163400
1197198500
989673700
961990700
976368000
2163578600
1872325800
1977308600
2310500200
2015922700
1863469700
2079671200
2186876900
2099764400
2106739400
2257800100
2025251400
1876194700
2175478200
2130695200
1850957100
1878637900
2131738200
2141586900
2118637600
2403557800
2265933100
1912786900
2048837500
2134561600
1955716200
4087906200
126926004
158737604
348847104
4235429400
4043785400
4197316400
410906204
216900204
307050504
264433604
276799604
4103825600
292830704
3820757300
4013420000
4230149500
4027205400
709415404
885769204
1016508004
828580904
4063250600
1434344804
818924804
534493004
392958700
50271200
72140900
46269900
54955400
87428600
56336400
51367600
44187600
58583800
44692000
45550100
40582400
146233400
56364000
46024000
52910600
80119000
88078400
46858700
60533100
96465700
84074800
46281300
60424800
57481600
106021300
64953900
79028400
73791300
50843200
15588100
12024200
22906100
40474200
34991000
17886100
36364000
43811800
71434100
68202000
162142800
146258200
122725000
136385000
118324100
93550800
71576700
79765300
84836700
53138200
49265800
19414800
289764800
61232700
